1 0 0 0 2 0 0 4
2 0 0 0 1 4 0 1
3 1 0 0 0 0 0 0
4 1 0 0 0 1 0 0
5 1 0 0 0 0 0 0
6 1 0 0 0 1 2 0
7 1 0 0 0 0 2 0
8 0 0 0 3 5 4 1
9 0 0 0 0 0 0 0
10 0 0 0 0 0 0 0
11 1 0 0 0 0 0 2
12 0 0 0 0 1 0 0
13 0 0 0 2 2 3 0
14 0 0 0 4 2 2 0
15 1 0 0 0 3 0 2
16 1 0 1 0 0 0 0
17 0 0 1 0 0 0 0
18 1 0 0 0 1 3 0
19 0 0 1 3 2 0 2
20 1 0 0 0 0 0 0
21 0 0 0 0 0 0 0
22 0 0 0 0 0 0 3
23 0 0 0 8 9 0 3
24 0 0 0 1 1 2 3
25 1 0 0 0 0 0 0
26 1 0 0 0 2 4 1
27 0 0 0 0 2 0 0
28 1 0 0 1 0 2 0
29 1 0 0 3 4 0 4
30 0 0 0 0 5 2 1
31 0 0 0 1 0 0 8
32 0 0 0 12 7 0 8
33 0 0 0 0 9 0 8
34 0 0 0 1 5 0 8
35 0 0 0 3 12 0 8
36 0 0 1 0 4 3 0
37 0 0 1 1 15 3 0
38 0 0 0 2 2 2 0
39 0 0 0 0 2 4 0
40 0 0 0 2 3 2 2
41 0 0 0 2 7 4 2
42 0 0 0 0 0 0 0
43 0 0 0 0 3 4 0
44 0 0 0 0 0 0 1
45 0 0 0 0 1 1 3
46 0 0 0 5 6 2 0
47 1 0 0 0 0 0 0
48 0 0 0 11 5 2 3
49 1 0 0 0 0 0 0
50 1 0 0 0 0 0 0
51 1 0 0 0 0 0 0
52 1 0 0 2 2 2 2
53 1 1 0 0 1 0 0
54 0 0 0 0 2 0 0
55 0 0 0 0 0 0 3
56 1 1 0 1 1 1 0
57 0 1 0 1 0 0 2
58 0 1 0 0 0 0 0
59 0 1 0 0 0 0 0
60 1 1 0 1 0 0 0
61 0 1 0 1 0 4 3
62 0 1 0 1 2 0 1
63 1 1 0 0 0 2 0
64 1 1 0 2 1 0 4
65 1 1 0 2 5 7 2
66 0 1 0 0 0 0 0
67 0 1 0 2 2 4 1
68 0 1 0 0 0 2 0
69 1 1 0 0 0 0 1
70 1 1 0 0 0 0 0
71 1 1 0 4 1 1 1
72 1 1 0 3 2 0 2
73 1 1 0 0 1 0 0
74 1 0 1 0 0 0 0
75 1 0 1 1 1 2 0
76 0 0 1 2 0 0 0
77 0 1 0 0 0 0 1
78 1 1 0 0 0 2 0
79 1 1 0 0 0 1 0
80 1 1 0 0 0 0 0
81 1 1 0 1 0 0 2
82 1 1 0 0 1 2 0
83 0 1 0 1 0 2 2
84 0 1 0 0 0 3 0
85 0 1 0 0 4 4 0
86 0 1 0 1 5 4 0
87 0 1 0 0 1 0 0
88 1 1 0 0 0 0 0
89 0 1 0 4 7 4 1
90 0 1 0 3 2 2 1
91 0 1 0 6 5 0 7
92 1 1 0 1 1 0 0
93 0 1 0 0 0 0 0
94 0 1 0 0 0 0 1
95 1 1 0 2 0 4 4
96 0 1 0 0 0 0 0
97 0 1 0 0 0 0 0
98 1 1 0 0 1 2 0
99 1 1 0 0 1 3 0
100 0 0 1 0 0 0 0
101 0 0 1 0 0 0 0
102 0 0 1 3 1 1 0
103 0 0 1 1 1 3 0
104 1 1 0 1 1 2 1
105 1 1 0 1 3 2 3
106 0 1 0 1 2 4 2
107 1 1 0 0 0 3 0
108 0 1 0 0 0 2 1
109 1 1 0 0 0 0 0
110 0 1 0 0 5 0 0
111 0 0 0 0 0 0 0
112 1 0 0 0 0 0 0
113 1 1 0 0 0 1 0
114 1 1 0 0 0 0 0
115 0 1 0 1 1 1 1
116 0 1 0 0 0 0 0
117 1 1 0 0 1 0 0
118 1 1 0 0 0 0 0
119 0 0 1 1 0 1 3
120 0 1 0 0 0 2 0
121 0 1 0 1 0 0 0
122 0 1 0 2 6 0 3
123 1 1 0 5 8 2 2
124 1 1 0 0 0 0 0
125 1 1 0 0 0 0 0
126 1 1 0 0 0 0 2
127 1 1 0 2 1 2 1
128 0 0 1 2 4 2 2
129 1 0 1 0 1 1 0
130 0 0 1 0 3 0 2
131 1 0 1 5 5 2 4
132 0 0 1 0 2 0 0
133 1 0 1 0 2 4 2
134 1 0 1 0 1 2 0
135 0 1 0 0 1 2 2
136 0 0 1 0 0 0 0
137 0 0 1 0 0 1 0
138 1 0 1 1 2 0 0
139 0 0 1 1 0 0 3
140 1 0 1 0 0 0 0
141 1 0 1 0 0 0 0
142 1 0 1 0 0 0 2
143 0 0 1 0 1 2 0
144 0 0 1 0 0 0 0
145 1 0 0 0 1 0 0
146 1 0 1 7 5 0 0
147 0 0 1 0 0 0 0
148 1 0 1 0 1 0 0
149 0 0 1 1 1 1 0
150 0 0 1 1 3 1 1
151 0 0 1 0 0 0 0
152 0 0 1 0 0 1 0
153 0 0 1 1 0 0 0
154 0 0 1 4 5 3 4
155 1 0 1 2 0 0 0
156 1 0 1 4 5 4 0
157 0 0 1 4 8 0 4
158 0 0 1 0 0 0 0
159 0 0 1 0 0 0 0
160 0 0 1 0 1 3 0
161 0 0 1 1 0 0 2
162 1 0 1 0 0 0 0
163 1 0 1 1 0 0 0
164 1 0 1 4 5 4 0
165 0 0 1 0 0 0 0
166 1 0 1 1 1 0 1
167 1 0 1 1 0 1 0
168 1 1 0 0 0 0 2
169 1 1 0 0 1 3 1
170 0 0 1 0 0 2 0
171 1 0 1 0 0 0 0
172 0 0 1 0 3 2 0
173 1 0 1 0 0 0 0
174 1 0 1 0 0 0 0
175 0 0 1 3 5 3 2
176 1 0 1 0 0 0 0
177 1 0 1 3 0 0 1
178 1 0 1 0 1 0 0
179 0 0 1 6 7 3 0
180 0 0 1 3 12 0 4
181 0 0 1 2 3 0 2
182 0 0 1 1 0 1 1
183 1 0 1 0 0 0 0
184 0 0 1 1 0 1 0
185 0 0 1 2 2 2 3
186 0 0 1 5 1 1 4
187 0 0 1 2 6 3 3
188 1 0 1 0 0 0 0
189 1 0 1 1 2 0 0
190 0 0 1 1 2 1 2
191 1 0 1 0 0 0 0
192 1 0 1 0 0 1 0
193 1 0 1 0 0 0 0
194 1 0 1 2 9 2 4
195 0 0 1 1 0 2 0
196 0 1 0 4 2 1 3
197 1 1 0 1 2 1 3
198 0 1 0 2 0 3 0
199 1 0 1 0 0 0 0
200 1 0 1 0 0 0 0
201 1 0 1 0 0 0 2
202 1 1 0 0 3 2 0
203 1 0 1 0 0 0 0
204 1 0 1 0 0 0 0
205 0 0 1 0 4 3 3
206 1 0 1 0 0 0 0
207 1 0 1 0 0 0 0
208 0 0 1 0 0 0 0
209 1 0 1 0 1 3 0
210 0 0 1 0 0 2 0
211 0 0 1 2 2 2 3
212 1 0 1 1 1 1 1
213 0 0 1 0 0 0 0
214 0 0 1 0 0 0 0
215 0 0 1 0 0 0 0
216 0 0 1 0 2 0 0
217 1 0 1 0 2 0 2
218 0 0 1 1 0 0 0
219 0 0 1 1 0 1 3
220 0 0 1 2 3 0 0
221 0 1 0 0 0 1 1
222 1 1 0 0 1 1 3
223 1 0 1 0 0 0 0
224 0 0 1 1 3 2 1
225 1 0 1 2 3 1 0
226 1 0 1 0 0 0 0
227 0 0 1 4 2 2 0
228 1 0 1 0 0 0 0
229 0 0 0 1 2 2 4
230 1 0 0 0 0 0 0
231 0 0 0 4 3 2 12
232 1 0 0 0 0 0 0
233 1 0 0 0 0 0 0
234 0 0 0 1 1 1 1
235 0 0 0 0 2 0 3
236 1 0 0 0 0 0 0
237 0 0 0 1 2 0 3
238 0 0 0 0 0 0 0
239 1 0 0 0 0 0 2
240 0 0 0 1 0 0 0
241 0 0 0 1 0 1 0
242 1 0 0 1 0 0 1
243 1 0 0 0 1 0 1
244 0 0 0 0 0 1 0
245 0 0 0 0 2 1 3
246 0 0 0 1 0 0 0
247 1 1 0 0 0 0 0
248 0 1 0 1 0 0 2
249 0 1 0 0 0 0 0
250 0 1 0 0 0 2 0
251 1 0 1 3 7 0 3
252 1 0 1 0 0 0 0
253 1 0 1 2 2 0 0
254 1 0 1 0 0 0 0
255 1 0 1 1 1 0 0
256 0 0 1 1 3 3 3
257 1 0 1 0 0 0 0
258 1 0 1 0 0 0 0
259 0 0 1 0 0 0 0
260 1 0 1 0 0 0 0
261 0 0 1 0 1 0 0
262 0 0 1 0 0 1 0
263 1 0 1 0 1 0 2
264 0 0 1 1 1 1 2
265 1 0 1 0 0 0 0
266 1 0 1 0 0 2 0
267 1 0 1 0 1 4 0
268 1 0 1 0 1 1 1
269 0 1 0 0 0 0 1
270 0 1 0 0 0 1 0
271 1 1 0 0 1 0 0
272 0 0 1 2 1 0 0
273 0 0 1 0 0 2 0
274 1 0 1 0 0 1 0
275 0 0 1 0 0 0 0
276 1 0 1 0 0 0 0
277 1 0 1 0 0 0 0
278 0 0 1 1 0 0 0
279 0 0 1 0 0 1 1
280 1 0 1 6 3 2 2
281 1 0 1 0 0 0 0
282 0 1 0 2 4 4 4
283 0 0 1 0 0 2 0
284 1 1 0 0 3 2 0
285 1 1 0 3 0 5 0
286 1 0 1 0 0 0 0
287 1 0 1 0 1 0 0
288 1 0 1 0 0 0 0
289 0 0 1 2 2 3 3
290 0 0 1 0 5 11 3
291 0 0 1 0 0 0 0
292 0 0 1 3 3 3 1
293 1 0 0 0 4 5 0
294 0 0 0 0 0 0 0
295 0 1 0 0 2 1 2
296 0 0 1 0 0 0 0
297 0 1 0 0 3 2 2
298 0 1 0 0 8 3 3
299 0 1 0 1 4 1 2
300 1 1 0 5 3 0 0
301 0 0 0 0 0 0 0
302 0 0 0 0 0 12 0
303 0 0 0 0 7 13 0
304 0 0 0 0 0 0 0
305 0 0 0 2 0 1 4
306 1 0 0 2 0 2 0
307 1 0 0 0 1 0 2
308 0 1 0 3 1 1 3
309 1 0 0 0 0 0 0
310 0 0 0 0 0 1 2
311 0 0 0 4 5 4 2
312 0 0 0 2 12 14 0
313 0 0 0 4 9 6 0
314 0 0 0 0 0 0 0
315 0 0 0 0 0 1 0
316 0 0 0 0 1 0 3
317 0 1 0 4 7 4 0
318 1 1 0 0 7 4 1
319 0 1 0 0 0 0 0
320 1 1 0 0 0 0 0
321 0 0 1 0 0 0 0
322 1 0 1 0 4 5 0
323 1 1 0 0 0 1 0
324 1 0 1 0 0 0 0
325 1 0 1 0 0 0 0
326 1 0 1 1 0 4 3
327 1 0 1 0 1 2 2
328 0 1 0 0 1 0 0
329 1 0 1 0 3 2 4
330 1 0 1 1 0 0 1
331 1 0 1 0 2 1 2
332 0 0 1 0 2 1 0
333 0 0 1 0 1 0 0
334 0 1 0 1 4 1 2
335 0 1 0 0 0 0 0
336 0 1 0 0 0 0 0
337 0 1 0 2 0 1 2
338 1 1 0 0 0 3 3
339 0 1 0 0 0 0 0
340 0 1 0 0 0 0 1
341 0 1 0 0 1 1 0
342 0 1 0 1 0 0 0
343 1 1 0 0 0 0 0
344 1 1 0 0 0 0 0
345 1 1 0 0 0 0 2
346 0 1 0 0 1 3 0
347 1 1 0 0 0 0 0
348 0 0 0 0 4 11 0
349 0 1 0 0 0 5 0
350 1 1 0 1 1 4 1
351 1 0 1 0 0 0 0
352 1 0 1 0 0 1 0
353 1 0 1 0 1 0 0
354 1 0 1 0 0 0 0
355 1 0 1 0 0 0 0
356 1 0 1 0 0 2 0
357 1 0 1 0 0 0 0
358 1 0 1 0 0 1 0
359 1 0 1 0 0 0 0
360 1 0 1 0 0 0 0
361 1 0 1 0 2 1 1
362 0 1 0 2 3 8 3
363 1 1 0 0 0 0 0
364 0 1 0 4 1 3 2
365 0 1 0 0 0 1 0
366 1 1 0 0 1 2 0
367 0 1 0 0 3 3 1
368 1 1 0 3 2 1 2
369 1 1 0 0 0 0 0
370 0 1 0 0 0 1 0
371 0 1 0 0 0 3 0
372 0 1 0 0 0 0 0
373 1 1 0 3 1 0 0
374 1 1 0 9 0 0 0
375 1 1 0 0 0 0 4
376 1 1 0 0 0 1 2
377 1 1 0 0 1 0 0
378 1 0 1 0 1 3 1
379 1 0 1 0 0 0 0
380 0 0 1 0 0 1 1
381 0 0 1 3 1 4 1
382 0 0 1 0 5 5 0
383 0 0 1 1 1 3 0
384 0 1 0 0 0 3 2
385 0 1 0 0 2 6 4
386 1 1 0 0 0 0 1
387 0 1 0 0 0 4 4
388 0 0 1 0 5 4 2
389 0 0 1 0 4 4 2
390 0 0 1 0 0 0 0
391 1 0 1 0 0 0 0
392 0 0 0 0 0 0 0
393 1 1 0 0 3 1 1
394 0 0 1 0 0 0 0
395 0 0 1 0 0 4 0
396 0 0 1 0 1 4 2
397 0 0 1 3 2 0 3
398 1 0 1 0 1 0 1
399 1 1 0 0 0 5 2
400 1 1 0 0 0 0 2
401 1 1 0 0 0 1 3
402 1 0 1 1 0 0 0
403 0 0 1 0 0 0 0
404 0 0 1 2 1 3 1
405 0 0 1 1 1 2 0
406 0 0 1 0 0 0 4
407 0 0 1 1 0 0 0
408 0 0 1 0 0 0 0
409 0 0 1 0 1 2 1
410 0 0 1 0 8 8 4
411 1 0 1 0 0 0 0
412 1 0 1 0 2 2 3
413 1 0 1 0 2 2 1
414 1 0 0 0 1 2 1
415 0 0 0 0 3 3 3
416 0 0 0 0 0 0 0
417 0 0 0 0 0 0 0
418 0 0 0 1 0 0 0
419 0 1 0 1 1 1 1
420 0 1 0 0 0 0 0
421 0 1 0 0 1 5 4
422 0 1 0 1 3 3 3
423 1 0 1 0 1 0 0
424 0 0 0 1 2 5 1
425 1 0 0 0 0 3 2
426 0 0 0 0 11 4 3
427 0 0 0 0 0 7 3
428 0 0 0 3 4 4 1
429 0 0 0 0 0 1 0
430 0 0 0 0 0 1 2
431 0 0 0 5 1 4 3
432 0 0 1 0 0 1 1
433 1 0 0 0 0 11 3
434 1 0 1 0 0 0 0
435 1 0 1 0 0 1 0
436 1 0 0 0 1 0 0
437 1 0 0 0 2 3 0
438 1 0 1 0 0 0 0
439 0 1 0 0 10 10 3
440 0 0 0 1 0 0 0
441 1 0 1 0 0 2 0
442 1 0 0 0 0 0 0
443 0 0 0 0 0 2 2
444 1 0 1 0 0 0 0
445 1 0 1 0 0 1 0
446 1 0 1 0 0 1 0
447 0 0 0 0 1 0 0
448 1 0 1 0 0 0 0
449 0 0 0 0 5 3 2
450 1 0 0 0 0 1 0
451 1 0 0 1 5 3 1
452 0 0 0 0 4 6 2
453 0 0 0 0 7 6 4
454 0 0 0 3 2 1 1
455 0 0 0 0 4 1 0
456 0 0 0 1 2 0 1
457 1 1 0 0 0 0 0
458 0 0 0 0 1 0 0
459 0 1 0 2 0 9 0
460 0 0 0 0 3 0 0
461 1 0 0 0 0 0 0
462 0 1 0 0 2 3 0
463 0 1 0 4 8 6 2
464 0 1 0 0 1 0 3
465 0 1 0 5 4 2 0
466 0 0 0 1 4 3 1
467 0 0 0 1 0 2 1
468 0 0 0 0 8 4 4
469 0 0 0 2 0 1 2
470 0 0 0 0 3 5 0
471 1 1 0 0 0 0 0
472 0 0 0 2 4 3 0
473 0 0 0 1 3 1 0
474 1 1 0 0 0 0 0
475 0 1 0 0 0 2 0
476 0 1 0 3 6 5 1
477 0 0 0 0 1 4 0
478 0 0 0 2 1 2 2
479 0 1 0 0 12 9 0
480 0 0 0 2 3 6 0
481 0 0 0 4 3 1 0
482 1 1 0 0 2 3 1
483 0 1 0 2 2 7 0
484 0 0 1 0 0 0 3
485 1 0 1 0 0 0 2
486 0 0 1 0 0 0 0
487 1 0 1 0 0 4 0
488 1 0 1 0 0 0 0
489 1 0 1 0 0 0 0
490 1 0 1 0 0 0 0
491 0 0 1 3 2 1 3
492 0 0 1 0 0 4 4
493 1 0 1 0 0 1 0
494 0 0 1 0 1 1 2
495 0 0 1 0 0 2 0
496 0 0 1 0 0 0 0
497 0 1 0 2 6 5 2
498 0 1 0 0 3 14 0
499 1 1 0 0 0 0 0
500 0 1 0 1 0 0 0
501 0 1 0 0 0 0 0
502 0 1 0 0 0 1 2
503 1 1 0 0 0 0 0
504 0 1 0 1 4 2 1
505 0 1 0 0 0 0 0
506 0 1 0 0 4 2 0
507 0 1 0 0 1 0 2
508 0 1 0 0 2 0 0
509 1 1 0 0 0 1 0
510 1 1 0 0 0 0 0
511 1 0 0 0 0 0 0
512 0 0 0 0 0 0 0
513 1 0 0 0 1 1 2
514 0 1 0 3 0 1 3
515 0 0 0 0 4 1 0
516 0 1 0 0 0 0 0
517 1 1 0 3 1 1 2
518 0 1 0 0 1 8 0
519 0 1 0 0 0 0 0
520 1 1 0 0 0 0 0
521 1 1 0 0 4 5 2
522 1 1 0 1 2 5 0
523 0 0 0 0 2 1 1
524 0 0 0 0 4 2 0
525 1 0 0 0 1 2 1
526 0 1 0 1 4 4 2
527 1 1 0 0 0 0 0
528 1 1 0 3 1 1 3
529 1 0 0 0 2 0 0
530 1 0 0 0 0 0 0
531 1 0 0 0 0 0 0
532 1 0 0 0 0 0 0
533 0 0 0 2 13 0 1
534 0 0 0 0 1 0 1
535 0 0 0 0 1 0 1
536 0 0 0 0 1 3 0
537 1 0 0 0 0 1 0
538 1 0 0 1 0 0 0
539 1 0 0 2 1 1 2
540 0 0 0 0 3 2 0
541 0 0 0 0 1 2 1
542 0 0 0 0 0 0 2
543 0 0 1 0 0 1 2
544 1 0 1 0 0 0 0
545 0 0 1 1 2 1 3
546 0 1 0 3 5 5 1
547 1 1 0 0 1 1 1
548 0 0 1 2 6 2 2
549 0 0 1 2 6 8 2
550 0 0 1 5 0 3 2
551 0 0 1 1 7 7 2
552 0 0 0 0 0 3 0
553 0 0 0 3 5 10 3
554 0 0 0 1 3 6 2
555 1 0 1 0 0 0 0
556 0 0 0 0 4 1 1
557 1 0 0 2 0 0 0
558 1 0 0 0 0 0 0
559 0 0 0 0 0 0 0
560 0 0 0 4 9 3 4
561 0 0 0 0 0 0 0
562 1 0 0 0 4 4 4
563 0 0 0 2 1 2 0
564 0 0 0 0 10 10 2
565 0 0 0 0 1 1 2
566 0 0 0 3 4 1 2
567 1 0 0 0 0 0 0
568 0 0 0 0 0 0 0
569 0 0 0 0 0 4 2
570 1 0 0 0 0 0 3
571 1 0 0 0 0 0 4
572 1 0 0 0 1 0 3
573 0 0 0 1 1 2 2
574 0 0 0 0 6 3 4
575 0 0 0 1 3 1 2
576 0 0 0 0 4 6 5
577 1 0 0 4 7 2 1
578 1 0 0 3 5 2 4
579 0 0 0 2 3 0 0
580 1 0 0 1 1 1 0
581 1 0 0 0 0 4 2
582 1 0 0 0 0 0 0
583 1 0 0 0 1 0 0
584 1 1 0 0 1 1 1
585 1 1 0 0 0 0 0
586 1 1 0 3 6 4 5
587 1 1 0 1 1 2 1
588 0 1 0 0 0 0 0
589 0 1 0 0 0 0 0
590 1 1 0 1 2 1 2
591 0 1 0 1 3 0 2
592 0 1 0 0 1 0 3
593 0 1 0 0 0 2 0
594 0 1 0 0 0 0 0
595 0 1 0 0 0 0 0
596 0 1 0 0 0 2 0
597 1 1 0 0 0 0 0
598 1 1 0 0 0 1 0
599 1 1 0 0 0 0 0
600 0 1 0 1 0 0 0
601 0 1 0 4 4 3 2
602 0 1 0 0 0 1 3
603 0 1 0 5 6 10 7
604 0 1 0 4 4 0 3
605 0 1 0 0 0 0 5
606 1 1 0 1 0 1 0
607 1 1 0 0 0 1 0
608 1 1 0 0 3 4 2
609 1 1 0 0 1 0 1
610 0 1 0 0 0 0 0
611 1 1 0 0 0 0 0
612 1 1 0 0 0 0 0
613 0 1 0 0 2 3 1
614 1 1 0 0 10 0 1
615 0 0 1 0 0 1 1
616 0 1 0 0 5 8 1
617 0 1 0 0 0 0 2
618 0 1 0 3 5 10 6
619 0 1 0 0 0 0 0
620 0 1 0 0 0 0 0
621 1 1 0 0 1 1 0
622 1 1 0 1 1 1 1
623 1 1 0 3 5 7 2
624 1 1 0 1 0 0 0
625 0 1 0 0 0 0 0
626 1 1 0 1 1 1 0
627 0 1 0 0 0 0 0
628 0 1 0 0 0 2 0
629 0 1 0 1 0 0 10
630 0 1 0 0 0 3 5
631 0 1 0 2 5 4 4
632 1 0 1 2 1 0 0
633 0 0 1 0 0 1 0
634 0 0 1 0 0 0 0
635 1 0 1 0 0 0 0
636 1 0 1 0 2 0 0
637 0 0 1 0 0 0 0
638 0 0 1 0 0 0 0
639 0 0 1 0 3 0 2
640 0 0 1 0 0 0 0
641 0 0 1 1 4 2 2
642 0 0 1 7 5 9 7
643 0 0 1 0 0 0 0
644 0 0 1 0 0 0 0
645 1 0 1 0 0 0 1
646 1 0 1 0 0 0 0
647 1 0 1 1 0 0 1
648 1 0 1 0 0 0 0
649 1 0 1 0 0 0 0
650 1 0 1 0 1 1 0
651 1 0 1 0 0 0 0
652 1 0 1 0 0 0 0
653 1 0 1 0 0 0 0
654 1 0 1 1 0 0 0
655 1 0 1 0 0 0 0
656 1 0 1 0 0 0 0
657 1 0 1 0 0 0 0
658 1 0 1 0 0 0 1
659 1 0 1 0 0 0 0
660 1 0 1 0 0 0 0
661 1 0 1 0 0 0 0
662 1 0 1 0 0 0 0
663 1 0 1 0 0 0 0
664 1 0 1 0 0 0 0
665 1 0 1 0 4 7 1
666 1 0 1 0 0 0 0
667 1 0 1 0 0 1 0
668 1 0 1 0 0 0 0
669 1 0 1 0 0 0 0
670 1 0 1 0 0 0 0
671 1 0 1 0 0 0 0
672 1 0 1 0 0 1 1
673 1 0 1 0 0 0 0
674 1 0 1 0 0 0 0
675 1 0 1 0 0 0 0
676 1 0 1 0 0 0 0
677 1 0 1 0 0 0 0
678 1 0 1 0 0 0 0
679 1 0 1 0 0 0 0
680 1 0 1 1 2 0 0
681 0 0 1 0 0 2 0
682 0 0 1 0 0 0 0
683 0 0 1 0 0 0 0
684 0 0 1 0 0 0 0
685 0 0 1 0 0 0 0
686 0 0 1 0 0 0 0
687 0 0 1 0 0 0 0
688 0 0 1 0 0 0 0
689 1 0 1 0 0 0 0
690 1 0 1 0 0 0 0
691 1 0 1 0 0 4 2
692 0 0 1 0 5 2 0
693 0 0 1 0 0 0 0
694 0 0 1 0 0 0 0
695 1 0 1 2 1 0 1
696 1 0 1 0 0 0 0
697 1 0 1 0 0 1 1
698 0 0 1 1 1 2 4
699 0 0 1 0 0 0 0
700 0 0 1 0 0 0 0
701 1 0 1 1 0 1 1
702 1 0 1 0 0 0 0
703 0 0 0 0 0 0 1
704 0 0 0 0 0 0 0
705 0 0 0 0 0 2 0
706 1 0 0 0 0 2 2
707 1 0 0 0 1 0 0
708 1 0 0 0 0 3 0
709 0 0 0 0 0 7 0
710 0 0 0 0 2 3 2
711 1 0 0 0 0 0 0
712 1 0 0 0 0 0 0
713 0 0 0 0 5 6 3
714 0 0 0 0 2 0 5
715 1 0 1 0 0 0 0
716 1 0 1 0 0 0 0
717 0 0 1 0 8 3 2
718 0 0 1 3 8 8 5
719 1 0 1 0 0 0 0
720 1 0 1 0 0 1 0
721 0 0 1 4 2 3 3
722 1 0 1 0 0 0 0
723 1 0 1 0 0 0 2
724 1 0 1 0 1 0 1
725 1 0 1 0 0 0 0
726 1 0 1 0 0 0 0
727 1 0 1 0 0 0 0
728 0 0 1 0 1 0 1
729 1 0 1 0 0 0 0
730 0 0 1 0 0 0 0
731 0 0 1 0 1 0 1
732 0 0 1 0 0 0 0
733 0 0 1 0 0 0 0
734 0 0 1 0 2 0 0
735 0 0 1 2 1 1 1
736 0 0 1 6 1 3 3
737 0 0 1 3 2 3 1
738 0 0 1 0 0 0 0
739 0 0 1 1 0 2 2
740 1 0 1 0 0 0 0
741 0 0 1 0 0 0 1
742 1 0 1 0 3 1 1
743 1 0 1 0 4 3 3
744 1 0 1 0 0 0 0
745 1 0 1 0 0 1 3
746 0 0 1 0 0 1 1
747 0 0 1 0 0 1 0
748 0 0 1 0 1 2 0
749 0 0 1 0 0 0 0
750 0 0 1 0 0 0 0
751 0 0 1 0 0 0 0
752 0 0 1 0 1 0 0
753 0 1 0 0 0 0 0
754 1 1 0 0 0 0 0
755 1 1 0 1 0 0 0
756 1 1 0 0 1 0 0
757 1 1 0 0 0 0 0
758 0 1 0 0 1 2 3
759 1 1 0 0 0 0 0
760 0 1 0 0 0 1 1
761 0 1 0 1 0 1 1
762 1 1 0 0 0 0 0
763 1 1 0 0 0 0 0
764 1 1 0 0 1 0 0
765 0 1 0 2 6 4 5
766 0 1 0 3 4 7 8
767 1 1 0 1 0 1 0
768 1 1 0 0 0 0 0
769 1 1 0 0 0 0 0
770 0 1 0 0 0 0 1
771 0 1 0 0 0 0 0
772 0 1 0 0 0 0 0
773 0 1 0 0 0 0 0
774 0 1 0 4 2 0 2
775 0 0 0 0 0 0 0
776 1 0 0 1 0 1 1
777 1 0 0 1 2 3 1
778 1 0 0 5 0 3 3
779 0 0 0 0 0 0 0
780 0 0 0 0 0 0 1
781 0 0 0 0 0 7 7
782 0 0 0 0 4 6 2
783 0 0 0 0 1 1 2
784 1 0 0 0 0 0 0
785 1 0 0 0 0 0 0
786 1 0 0 0 0 0 1
787 0 0 0 1 4 1 3
788 0 0 0 0 5 4 2
789 0 0 0 1 0 3 2
790 1 0 1 0 1 0 0
791 1 0 1 0 0 0 0
792 1 0 1 0 0 0 1
793 1 0 1 0 0 0 0
794 1 0 1 0 0 0 1
795 0 0 1 0 1 1 1
796 1 0 1 1 0 0 0
797 1 0 1 0 1 0 0
798 0 0 1 0 0 0 1
799 1 0 1 0 1 4 2
800 1 0 1 1 1 1 1
801 1 0 1 0 0 0 2
802 1 0 1 0 0 0 0
803 1 0 1 0 0 0 0
804 1 0 1 0 0 0 0
805 1 0 1 0 0 0 0
806 1 0 1 0 0 0 0
807 0 0 1 2 0 1 0
808 0 0 1 0 0 0 0
809 0 0 1 0 0 0 0
810 0 0 1 0 0 0 0
811 0 0 1 0 0 0 0
812 0 0 1 0 1 2 0
813 0 0 1 0 0 0 0
814 0 0 1 2 4 0 4
815 0 0 1 0 0 0 0
816 0 0 1 0 0 0 0
817 1 1 0 1 0 0 0
818 1 1 0 0 0 0 0
819 1 1 0 0 0 0 0
820 0 1 0 3 0 0 0
821 0 1 0 1 3 6 5
822 1 1 0 0 0 0 0
823 1 1 0 0 0 0 0
824 0 1 0 0 0 1 1
825 0 1 0 0 0 0 0
826 0 1 0 0 1 2 1
827 0 1 0 0 0 0 0
828 1 1 0 0 0 0 0
829 0 1 0 0 4 3 2
830 0 1 0 0 0 0 0
831 1 1 0 3 2 5 1
832 0 1 0 4 3 0 0
833 0 1 0 0 3 0 0
834 0 0 0 0 0 0 0
835 0 0 0 0 0 0 0
836 1 0 0 0 0 0 0
837 1 0 0 0 1 1 0
838 0 0 0 3 0 2 4
839 0 0 0 1 2 6 3
840 1 0 0 0 0 0 2
841 1 0 0 0 2 0 0
842 1 0 0 0 0 0 0
843 1 0 0 1 0 0 4
844 1 0 0 0 0 0 5
845 1 0 0 2 3 1 1
846 1 0 0 0 3 1 2
847 0 0 0 0 2 1 2
848 0 0 0 0 0 5 2
849 0 0 0 3 0 0 0
850 1 0 0 1 6 5 2
851 0 0 0 0 1 0 0
852 0 0 0 0 0 2 1
853 1 0 0 1 0 0 0
854 1 0 0 0 1 3 0
855 0 0 1 0 2 2 1
856 1 0 0 0 0 1 0
857 1 0 0 0 4 1 0
858 1 1 0 0 0 1 0
859 1 0 0 0 1 2 0
860 1 0 0 0 3 0 0
861 0 0 0 6 3 3 4
862 0 1 0 5 4 3 4
863 1 0 0 0 0 1 1
864 1 0 0 0 8 2 1
865 0 0 0 0 0 0 5
866 0 0 0 0 1 0 3
867 1 0 0 0 0 0 0
868 0 1 0 0 0 1 0
869 0 1 0 1 0 0 0
870 0 1 0 3 4 3 0
871 1 1 0 0 0 1 0
872 1 1 0 0 0 0 0
873 0 1 0 2 0 0 0
874 0 1 0 1 1 3 1
875 0 1 0 0 1 0 0
876 0 1 0 0 1 1 1
877 1 1 0 2 0 2 1
878 0 1 0 0 3 8 5
879 1 1 0 0 0 0 0
880 1 0 1 0 0 1 0
881 0 1 0 1 0 0 0
882 1 1 0 0 0 0 0
883 1 1 0 0 0 0 0
884 0 1 0 1 6 1 4
885 1 1 0 0 0 0 0
886 1 1 0 0 2 1 1
887 1 1 0 0 0 0 0
888 1 1 0 1 0 1 0
889 1 0 0 0 4 4 4
890 0 0 0 0 1 3 1
891 0 0 0 0 2 3 2
892 1 0 0 0 1 0 0
893 1 0 0 0 0 2 1
894 1 0 0 1 1 2 1
895 1 0 0 2 1 8 3
896 0 0 0 0 0 0 0
897 0 0 0 0 0 15 2
898 0 0 0 1 5 13 11
899 0 0 0 0 2 0 1
900 0 0 0 0 0 0 0
901 1 0 0 0 0 1 2
902 1 1 0 0 1 0 0
903 1 0 1 0 1 1 1
904 1 1 0 0 0 0 0
905 1 1 0 0 0 0 0
906 1 1 0 0 0 0 0
907 1 1 0 0 0 0 0
908 0 1 0 2 3 9 7
909 1 1 0 0 0 3 2
910 0 1 0 0 6 6 6
911 0 1 0 1 0 0 0
912 0 1 0 0 5 1 0
913 1 1 0 0 0 0 0
914 0 1 0 0 1 2 1
915 0 1 0 0 0 0 0
916 0 1 0 2 1 3 2
917 0 1 0 0 1 1 1
918 0 1 0 3 1 0 0
919 0 1 0 1 1 3 3
920 1 1 0 0 0 3 0
921 1 1 0 0 0 0 0
922 0 1 0 0 0 0 0
923 0 1 0 1 7 11 5
924 0 0 1 0 1 0 2
925 0 0 1 2 14 0 0
926 1 0 1 0 0 0 0
927 1 0 1 0 0 0 0
928 1 0 1 0 0 0 0
929 0 0 1 7 7 3 3
930 0 0 1 0 3 2 2
931 0 0 1 0 2 1 1
932 1 1 0 0 2 0 1
933 1 0 1 0 0 0 0
934 1 0 1 2 1 2 2
935 1 0 1 0 0 0 1
936 1 0 1 0 0 0 0
937 0 0 1 0 0 1 0
938 0 0 1 0 1 0 0
939 1 0 1 0 1 1 0
940 0 0 0 1 1 2 6
941 0 0 0 3 8 6 6
942 0 0 0 5 8 5 5
943 0 0 0 3 3 6 2
944 0 1 0 1 0 2 1
945 0 1 0 2 0 0 0
946 0 1 0 8 1 0 0
947 0 1 0 2 2 1 1
948 0 1 0 0 0 0 0
949 0 1 0 0 0 0 0
950 0 1 0 1 0 2 2
951 0 1 0 0 4 6 3
952 1 1 0 0 0 0 0
953 1 1 0 0 0 0 0
954 0 1 0 0 3 8 3
955 1 1 0 0 0 0 0
956 1 1 0 0 0 0 0
957 1 1 0 0 0 1 1
958 0 1 0 3 2 1 1
959 1 1 0 0 2 0 0
960 1 1 0 0 0 0 1
961 1 1 0 0 0 0 0
962 1 1 0 0 0 0 0
963 1 1 0 0 0 0 0
964 1 1 0 0 1 2 3
965 1 1 0 0 2 2 1
966 1 1 0 0 3 0 1
967 0 1 0 0 0 2 2
968 1 1 0 0 0 2 2
969 1 1 0 2 2 1 1
970 0 1 0 0 3 7 3
971 1 1 0 2 1 1 1
972 0 1 0 3 0 2 8
973 0 1 0 2 0 5 3
974 0 1 0 0 0 1 0
975 0 1 0 0 0 0 0
976 0 1 0 0 7 2 1
977 0 1 0 0 0 0 0
978 0 1 0 0 4 11 6
979 0 1 0 0 2 3 1
980 0 1 0 3 0 1 2
981 0 1 0 0 1 2 2
982 0 1 0 0 1 1 1
983 0 0 1 0 0 0 0
984 0 1 0 0 0 0 0
985 1 0 0 0 0 1 0
986 1 0 0 0 0 0 0
987 1 0 0 0 0 0 0
988 1 0 0 0 0 0 0
989 0 0 0 0 2 5 6
990 1 0 0 0 1 0 0
991 1 0 0 0 0 0 0
992 1 0 0 0 0 0 0
993 1 0 0 0 1 0 1
994 0 0 0 0 0 5 6
995 0 0 0 4 7 6 8
996 1 0 0 1 3 1 2
997 0 0 0 2 3 3 0
998 0 0 0 0 0 0 0
999 0 0 0 0 5 4 4
1000 0 0 0 4 8 6 5
1001 0 0 1 0 0 0 0
1002 0 0 1 0 4 1 2
1003 0 0 1 0 0 1 1
1004 1 0 1 0 0 0 0
1005 1 0 1 0 0 0 0
1006 1 0 1 0 0 0 1
1007 1 0 1 0 0 0 0
1008 0 0 1 0 0 6 6
1009 1 0 1 0 0 0 0
1010 1 0 1 1 1 1 1
1011 0 0 1 0 0 1 0
1012 0 0 1 0 0 0 0
1013 1 0 1 0 0 0 0
1014 1 0 1 0 0 0 0
1015 0 0 1 0 0 0 0
1016 1 0 1 0 0 0 0
1017 1 0 1 0 0 0 0
1018 0 0 1 0 0 0 0
1019 1 0 1 0 0 0 0
1020 0 0 1 0 0 0 0
1021 1 0 1 0 0 1 0
1022 1 0 1 0 0 0 0
1023 0 0 1 0 0 0 0
1024 0 0 1 0 0 0 0
1025 1 0 1 0 0 0 0
1026 1 0 1 0 0 0 0
1027 0 0 1 0 0 0 0
1028 0 0 1 0 0 0 0
1029 0 0 1 0 0 0 0
1030 1 1 0 0 0 0 0
1031 1 1 0 0 0 0 0
1032 1 1 0 0 0 0 0
1033 1 1 0 2 0 0 0
1034 1 1 0 0 0 0 0
1035 1 1 0 4 0 0 0
1036 0 1 0 0 0 0 0
1037 0 1 0 0 0 1 3
1038 0 1 0 0 0 0 0
1039 0 1 0 0 0 0 0
1040 0 1 0 0 0 1 0
1041 0 1 0 0 1 0 0
1042 0 1 0 2 0 0 1
1043 0 0 1 1 0 0 3
1044 1 1 0 0 0 0 0
1045 1 1 0 0 0 0 0
1046 0 1 0 3 1 0 1
1047 0 1 0 4 0 0 1
1048 0 1 0 0 0 0 0
1049 1 1 0 0 0 2 4
1050 0 1 0 0 0 0 0
1051 1 1 0 0 0 0 0
1052 1 1 0 1 0 0 0
1053 1 1 0 1 0 0 0
1054 1 1 0 0 0 0 0
1055 1 1 0 0 0 0 1
1056 1 1 0 0 3 1 1
1057 1 1 0 0 0 0 0
1058 1 1 0 0 0 0 0
1059 0 1 0 3 3 1 1
1060 1 1 0 0 0 4 3
1061 1 1 0 0 0 0 1
1062 1 1 0 0 0 1 2
1063 0 1 0 0 0 0 0
1064 0 1 0 0 0 0 0
1065 0 1 0 1 1 0 1
1066 0 1 0 3 0 9 9
1067 1 1 0 3 0 0 2
1068 0 1 0 0 0 0 1
1069 1 1 0 3 0 1 0
1070 1 1 0 0 0 0 0
1071 1 1 0 0 0 0 0
1072 0 1 0 0 0 3 0
1073 0 1 0 2 2 1 0
1074 0 1 0 3 4 7 5
1075 1 1 0 0 3 4 0
1076 1 1 0 0 4 0 0
1077 1 1 0 3 0 0 1
1078 0 1 0 2 0 0 0
1079 0 1 0 0 0 0 0
1080 0 1 0 0 0 1 1
1081 1 1 0 0 0 0 0
1082 1 0 0 0 1 0 0
1083 1 1 0 0 0 0 0
1084 1 1 0 0 0 0 0
1085 1 1 0 0 0 0 0
1086 1 1 0 0 0 0 0
1087 1 1 0 1 0 0 0
1088 1 1 0 0 0 0 0
1089 1 1 0 1 1 0 0
1090 1 1 0 0 1 0 0
1091 1 1 0 2 1 0 1
1092 0 1 0 1 1 4 3
1093 0 1 0 3 3 7 3
1094 0 1 0 0 0 0 3
1095 1 1 0 4 1 1 0
1096 0 1 0 4 2 3 2
1097 1 1 0 0 0 0 0
1098 1 1 0 0 0 0 0
1099 1 1 0 0 0 0 0
1100 1 1 0 0 1 1 1
1101 0 1 0 0 0 0 0
1102 1 0 1 0 5 5 2
1103 1 0 1 0 0 0 0
1104 1 0 1 0 0 0 0
1105 0 0 1 0 0 1 2
1106 1 0 1 0 0 0 0
1107 1 0 1 0 5 3 1
1108 0 0 1 0 1 0 0
1109 1 0 1 0 0 0 0
1110 1 0 1 0 0 0 0
1111 0 0 1 0 0 0 0
1112 0 0 1 0 0 0 0
1113 0 0 1 0 0 0 0
1114 0 0 1 0 0 0 0
1115 0 0 1 0 1 1 1
1116 1 0 1 0 1 1 0
1117 1 0 1 0 0 0 0
1118 0 0 1 0 1 0 1
1119 0 0 1 0 0 1 1
1120 0 0 1 0 0 1 2
1121 0 0 1 0 0 0 0
1122 1 0 1 0 0 1 0
1123 1 0 1 0 0 0 0
1124 0 0 1 0 0 0 0
1125 0 0 1 0 0 0 0
1126 0 0 1 1 2 0 0
1127 0 0 1 0 0 0 1
1128 0 0 1 0 0 0 0
1129 0 0 1 0 0 1 0
1130 1 0 1 0 0 0 2
1131 0 0 1 2 6 1 1
1132 1 0 1 0 0 0 0
1133 1 0 1 0 0 0 0
1134 1 0 1 0 0 0 0
1135 1 0 1 0 1 0 0
1136 1 0 1 0 3 0 1
1137 0 0 1 0 0 0 1
1138 0 0 1 0 0 0 1
1139 0 0 1 0 0 0 0
1140 0 0 1 1 7 4 4
1141 1 0 1 0 0 0 0
1142 1 0 1 0 0 1 1
1143 0 0 1 0 1 1 1
1144 1 0 1 0 1 3 2
1145 0 0 1 2 0 1 4
1146 0 0 1 0 3 5 8
1147 1 0 1 0 0 0 0
1148 0 0 1 0 0 0 0
1149 0 0 1 0 1 1 2
1150 0 0 1 0 0 1 0
1151 1 0 1 2 0 1 2
1152 1 0 1 0 0 1 1
1153 1 0 1 0 0 0 0
1154 1 1 0 0 0 1 0
1155 1 1 0 0 0 0 0
1156 1 1 0 0 1 1 0
1157 1 1 0 2 1 1 1
1158 1 1 0 1 2 2 1
1159 1 1 0 1 0 1 0
1160 1 1 0 0 0 2 1
1161 0 1 0 0 2 0 0
1162 1 1 0 1 0 0 0
1163 1 1 0 0 0 0 0
1164 1 1 0 0 0 0 0
1165 0 1 0 1 3 0 0
1166 1 1 0 2 3 3 3
1167 1 1 0 0 1 3 3
1168 0 1 0 1 0 0 0
1169 0 1 0 2 1 1 1
1170 1 1 0 1 0 0 1
1171 0 1 0 0 2 0 0
1172 1 0 1 0 0 0 0
1173 1 0 1 0 0 2 0
1174 1 0 1 0 0 6 4
1175 1 0 1 0 0 1 0
1176 1 0 1 8 0 2 0
1177 0 0 1 2 5 3 5
1178 0 0 1 1 2 3 2
1179 0 0 1 2 1 5 8
1180 0 0 1 0 0 1 2
1181 0 0 1 0 0 0 0
1182 0 0 0 0 0 0 0
1183 0 0 0 0 0 0 0
1184 0 0 0 1 0 1 0
1185 0 0 0 0 0 0 0
1186 0 0 0 0 0 0 2
1187 0 0 0 0 0 2 0
1188 0 0 0 4 1 0 0
1189 0 0 0 0 0 0 0
1190 0 0 0 0 0 0 0
1191 1 0 0 0 0 0 4
1192 1 0 0 0 1 0 1
1193 0 0 0 0 1 4 3
1194 0 0 0 0 0 1 0
1195 1 0 0 0 0 0 0
1196 0 0 0 0 1 4 3
1197 0 0 0 1 2 1 4
1198 0 0 0 4 3 4 3
1199 1 0 0 0 0 0 0
1200 0 0 0 0 2 1 0
1201 1 0 1 3 2 5 1
1202 0 0 1 0 0 0 0
1203 0 0 1 1 0 1 1
1204 0 0 1 0 0 4 1
1205 0 0 1 0 0 0 0
1206 0 0 1 0 0 0 0
1207 0 0 1 0 0 0 0
1208 1 0 1 0 0 0 0
1209 1 0 1 0 0 0 0
1210 0 0 1 0 1 1 1
1211 0 0 1 0 2 3 1
1212 0 0 1 1 0 1 2
1213 0 0 1 0 0 0 0
1214 1 1 0 0 0 0 0
1215 0 1 0 0 3 0 2
1216 1 1 0 0 0 3 3
1217 1 1 0 0 0 0 1
1218 1 1 0 0 0 0 0
1219 1 1 0 0 0 0 0
1220 1 1 0 0 1 2 0
1221 0 1 0 0 0 1 1
1222 0 1 0 0 0 1 0
1223 0 1 0 0 0 1 0
1224 0 1 0 0 0 0 0
1225 1 1 0 0 0 0 0
1226 1 1 0 0 2 1 1
1227 1 1 0 0 0 3 6
1228 1 1 0 0 3 3 1
1229 1 1 0 0 0 0 4
1230 1 1 0 0 0 0 0
1231 0 1 0 1 5 3 9
1232 0 1 0 0 0 0 2
1233 1 1 0 0 0 0 0
1234 0 1 0 2 5 2 3
1235 1 1 0 0 0 2 1
1236 1 1 0 0 0 1 0
1237 0 1 0 2 4 2 2
1238 0 1 0 0 0 0 0
1239 0 1 0 0 0 0 1
1240 0 1 0 0 3 2 2
1241 0 1 0 2 0 0 1
1242 1 1 0 3 5 4 4
1243 0 1 0 0 0 3 1
1244 0 1 0 0 1 3 2
1245 0 1 0 2 4 2 2
1246 0 1 0 0 3 4 9
1247 0 1 0 1 0 1 1
1248 1 1 0 0 0 0 0
1249 0 1 0 1 1 2 3
1250 1 1 0 0 0 0 0
1251 1 1 0 0 0 0 1
1252 1 1 0 0 0 3 3
1253 1 1 0 0 2 1 3
1254 0 1 0 0 0 0 0
1255 0 1 0 0 0 0 0
1256 1 0 1 0 0 0 0
1257 1 0 1 0 0 0 0
1258 1 0 1 0 0 0 0
1259 1 0 1 0 0 0 0
1260 1 0 1 0 0 0 2
1261 1 0 1 1 0 0 1
1262 1 0 1 0 0 0 0
1263 1 0 1 0 0 0 0
1264 0 0 1 0 2 1 2
1265 0 0 1 0 0 4 0
1266 0 0 1 0 1 4 2
1267 0 0 1 0 0 0 0
1268 0 0 1 0 2 3 4
1269 1 0 1 0 0 0 0
1270 1 0 1 0 0 0 0
1271 1 0 1 0 1 0 0
1272 1 0 1 0 0 0 0
1273 1 0 1 0 0 0 0
1274 1 0 1 0 1 1 0
1275 1 0 1 0 0 0 0
1276 1 0 1 1 0 0 0
1277 1 0 1 0 0 1 0
1278 0 0 1 0 2 2 3
1279 0 0 1 0 4 4 7
1280 1 0 1 0 0 2 3
1281 1 0 1 0 0 0 0
1282 0 0 0 0 0 0 2
1283 0 0 0 0 2 1 1
1284 1 0 0 2 4 1 1
1285 1 0 0 0 0 1 0
1286 1 0 0 1 1 0 1
1287 1 0 0 3 0 4 3
1288 0 1 0 0 0 0 1
1289 0 0 0 0 0 3 1
1290 1 0 0 1 0 3 0
1291 0 0 0 0 0 0 0
1292 0 0 0 0 0 0 0
1293 1 0 0 1 1 0 0
1294 1 0 0 0 0 2 0
1295 1 0 1 0 0 0 0
1296 1 0 1 0 0 1 0
1297 1 0 1 0 0 1 0
1298 1 0 1 0 0 0 0
1299 1 0 1 0 0 0 0
1300 1 0 1 1 0 0 0
1301 1 0 1 1 0 0 0
1302 1 0 1 0 0 1 0
1303 1 0 1 0 0 0 0
1304 1 0 1 0 0 0 0
1305 0 0 1 0 0 0 0
1306 0 0 1 0 0 0 0
1307 0 0 1 0 1 0 0
1308 0 0 1 0 0 1 1
1309 0 0 1 0 0 0 0
1310 0 0 1 0 0 0 0
1311 0 0 1 0 0 0 0
1312 0 0 1 0 1 12 0
1313 0 0 1 0 1 13 1
1314 0 0 1 0 0 4 1
1315 0 0 1 0 0 0 0
1316 0 0 1 0 0 0 0
1317 1 0 1 0 0 0 1
1318 1 0 1 3 2 2 2
1319 1 0 1 0 0 0 0
1320 1 0 1 0 0 0 0
1321 0 1 0 0 0 1 0
1322 1 1 0 0 1 0 0
1323 1 1 0 0 1 1 0
1324 1 1 0 0 0 0 0
1325 0 1 0 0 4 4 2
1326 0 1 0 0 4 1 1
1327 0 1 0 4 0 2 1
1328 0 1 0 0 2 4 1
1329 0 1 0 0 0 0 0
1330 0 1 0 4 0 16 2
1331 0 1 0 0 2 3 3
1332 1 1 0 0 0 1 0
1333 1 1 0 0 0 0 0
1334 1 1 0 0 1 2 4
1335 1 1 0 0 3 2 0
1336 1 1 0 0 0 0 0
1337 1 1 0 0 0 0 0
1338 1 1 0 0 1 5 5
1339 1 1 0 1 1 3 1
1340 1 1 0 0 0 0 0
1341 1 1 0 0 0 0 2
1342 1 1 0 0 0 1 0
1343 1 1 0 0 0 1 1
1344 1 1 0 0 0 1 1
1345 1 1 0 1 0 0 0
1346 0 1 0 0 0 0 1
1347 0 1 0 0 0 3 6
1348 0 1 0 0 4 11 1
1349 0 1 0 0 0 3 0
1350 0 1 0 0 0 2 1
1351 1 1 0 0 1 0 0
1352 1 1 0 0 0 1 1
1353 1 1 0 0 0 0 0
1354 0 1 0 0 4 3 0
1355 0 1 0 0 0 0 0
1356 0 1 0 0 4 1 4
1357 0 1 0 3 0 0 0
1358 0 1 0 0 0 1 1
1359 0 1 0 1 2 2 2
1360 0 1 0 0 0 2 3
1361 1 0 1 0 0 0 3
1362 1 0 1 1 0 0 0
1363 1 0 1 0 0 0 0
1364 1 0 1 0 0 1 2
1365 0 0 1 4 2 6 2
1366 0 0 1 1 0 1 2
1367 0 0 1 0 2 2 1
1368 1 0 1 0 1 0 0
1369 1 0 1 0 1 0 0
1370 1 0 1 0 0 0 0
1371 1 0 1 0 0 0 0
1372 1 0 1 0 0 0 0
1373 1 0 1 0 1 0 0
1374 1 0 1 0 0 0 0
1375 1 0 1 3 2 0 0
1376 0 0 1 0 0 0 1
1377 0 0 1 4 2 4 1
1378 0 0 1 7 3 1 3
1379 0 0 1 0 0 1 3
1380 1 0 1 1 0 0 0
1381 0 0 1 1 1 3 1
1382 0 0 1 0 0 5 1
1383 1 0 1 0 0 0 0
1384 0 0 0 0 0 0 0
1385 1 0 0 0 0 0 0
1386 1 0 0 0 3 7 5
1387 1 0 0 0 0 0 0
1388 1 0 0 1 0 3 2
1389 1 0 0 0 2 1 1
1390 1 0 0 0 0 0 0
1391 1 0 0 0 0 0 0
1392 1 0 0 0 1 0 0
1393 1 0 0 0 0 0 0
1394 1 0 0 0 0 0 0
1395 1 0 0 0 0 0 0
1396 1 0 0 0 2 1 0
1397 1 0 0 0 0 0 0
1398 0 0 0 0 0 0 0
1399 1 0 1 0 0 0 0
1400 1 0 1 0 0 0 1
1401 1 0 1 0 0 0 0
1402 1 0 1 0 0 0 0
1403 1 0 1 0 1 0 0
1404 1 0 1 0 0 2 1
1405 1 0 1 0 0 0 1
1406 1 1 0 0 0 0 0
1407 1 0 1 0 0 0 0
1408 1 0 1 0 0 0 0
1409 1 0 1 0 0 0 0
1410 1 0 1 0 0 0 0
1411 1 0 1 0 0 0 0
1412 1 0 1 2 1 5 3
1413 1 0 1 0 0 0 0
1414 1 0 1 0 0 0 0
1415 1 0 1 0 0 0 0
1416 1 0 1 0 0 0 2
1417 1 0 1 1 4 1 0
1418 1 0 1 0 0 0 0
1419 1 0 1 0 0 0 0
1420 1 0 1 0 1 0 0
1421 1 0 1 0 0 0 0
1422 1 0 1 0 1 2 1
1423 1 0 1 0 0 0 0
1424 1 0 1 0 1 1 0
1425 1 0 1 0 1 0 0
1426 1 0 1 0 0 0 0
1427 1 0 1 0 1 0 0
1428 1 0 1 0 0 1 0
1429 0 0 0 0 0 1 1
1430 1 0 0 0 0 0 0
1431 0 0 0 2 1 2 1
1432 1 0 0 0 0 0 0
1433 1 0 0 0 1 1 0
1434 1 0 0 1 0 0 1
1435 0 0 0 0 3 2 3
1436 1 0 0 0 0 0 0
1437 1 0 0 0 0 0 0
1438 1 0 0 2 3 1 1
1439 0 0 0 0 2 3 1
1440 0 1 0 2 1 0 1
1441 1 0 0 0 0 0 0
1442 1 0 0 0 0 4 1
1443 1 0 0 0 0 0 0
1444 1 0 0 0 0 0 0
1445 1 0 0 0 0 0 0
1446 1 0 0 0 1 0 0
1447 1 0 0 0 0 0 2
1448 0 0 0 0 0 1 0
1449 0 0 0 3 4 1 2
1450 0 0 0 0 0 1 1
1451 1 0 0 0 0 0 0
1452 0 0 1 0 0 0 1
1453 1 0 1 0 1 3 1
1454 1 0 1 0 0 0 1
1455 1 0 1 0 0 1 0
1456 1 0 1 0 0 0 0
1457 1 0 1 0 0 0 0
1458 1 0 1 0 0 0 1
1459 0 0 1 0 0 0 0
1460 0 0 1 0 0 0 0
1461 0 0 1 0 0 0 0
1462 0 0 1 0 2 1 1
1463 0 0 1 0 1 1 0
1464 1 0 1 0 0 1 1
1465 1 0 1 0 0 0 0
1466 0 0 1 0 1 2 2
1467 1 0 1 0 0 0 1
1468 0 0 1 0 0 0 0
1469 0 0 1 0 1 1 0
1470 0 0 1 0 0 0 2
1471 0 0 1 1 1 3 2
1472 1 0 1 0 0 1 0
1473 0 0 1 0 0 0 0
1474 1 0 1 0 0 0 0
1475 1 0 1 0 0 0 0
1476 0 0 1 0 2 1 0
1477 1 0 1 1 1 0 1
1478 1 0 1 0 1 0 0
1479 1 0 1 0 0 0 0
1480 1 0 1 0 1 4 2
1481 0 0 1 0 0 1 0
1482 0 0 1 1 0 1 0
1483 1 0 1 0 1 0 0
1484 1 0 1 0 0 0 0
1485 1 0 1 0 0 0 0
1486 1 0 0 0 4 2 3
1487 1 0 0 1 3 2 3
1488 1 0 0 0 0 0 0
1489 0 0 0 0 1 0 1
1490 1 0 0 0 1 3 1
1491 0 0 0 0 0 0 0
1492 1 0 0 0 0 0 0
1493 1 0 0 1 4 16 16
1494 0 0 1 0 0 0 0
1495 1 0 1 0 0 0 0
1496 1 0 1 0 0 0 0
1497 1 0 1 0 0 0 0
1498 0 0 1 0 0 2 0
1499 1 0 1 0 0 0 0
1500 1 0 1 0 0 0 0
1501 1 0 1 0 0 0 0
1502 0 0 1 0 0 0 1
1503 0 0 1 0 0 1 0
1504 0 0 1 0 0 0 4
1505 1 0 1 2 0 0 1
1506 1 0 1 1 4 1 1
1507 1 0 1 0 0 0 1
1508 0 0 1 1 0 1 1
1509 0 0 1 0 0 0 1
1510 0 0 1 0 0 0 1
1511 0 0 1 0 0 0 0
1512 0 0 1 0 0 0 1
1513 1 0 0 0 1 2 0
1514 1 0 0 0 1 0 2
1515 0 0 0 0 3 1 0
1516 1 0 0 5 1 4 5
1517 1 0 0 0 0 0 0
1518 0 0 0 10 4 8 0
1519 1 1 0 1 1 0 1
1520 1 1 0 0 0 0 0
1521 1 0 1 2 1 0 0
1522 1 1 0 0 0 0 0
1523 1 1 0 0 0 0 1
1524 0 1 0 1 1 2 2
1525 1 1 0 0 0 0 0
1526 1 1 0 0 0 0 0
1527 0 1 0 0 0 0 0
1528 1 1 0 2 0 2 0
1529 1 1 0 1 1 3 2
1530 1 1 0 1 2 2 1
1531 0 1 0 0 1 1 0
1532 0 1 0 0 0 0 0
1533 0 1 0 3 1 15 7
1534 0 1 0 2 1 1 0
1535 0 0 0 0 0 1 0
1536 1 0 0 0 0 0 0
1537 1 0 0 0 0 0 0
1538 1 0 0 0 1 2 2
1539 1 0 1 0 0 0 6
1540 0 1 0 0 3 4 1
1541 0 0 0 2 3 1 2
1542 0 0 0 0 2 1 3
1543 1 0 0 0 0 0 0
1544 0 0 0 0 0 1 0
1545 0 0 0 0 3 1 2
1546 0 0 0 0 0 1 0
1547 0 0 0 0 1 2 2
1548 1 0 0 0 0 2 0
1549 0 0 0 0 0 0 0
1550 1 0 0 0 1 0 0
1551 1 0 0 0 0 0 0
1552 0 0 0 0 2 4 1
1553 1 0 0 0 0 1 0
1554 1 0 0 0 0 0 0
1555 1 0 0 0 4 10 0
1556 1 0 0 0 0 1 0
1557 1 0 0 0 0 1 1
1558 1 0 0 7 2 2 1
1559 1 1 0 0 0 3 1
1560 0 1 0 0 1 0 2
1561 1 1 0 0 0 0 2
1562 1 1 0 0 0 3 1
1563 1 1 0 1 3 3 4
1564 1 1 0 0 0 1 1
1565 1 1 0 0 0 0 0
1566 1 1 0 0 0 1 0
1567 0 1 0 1 1 0 0
1568 0 1 0 4 0 0 1
1569 0 1 0 1 0 0 5
1570 0 1 0 0 1 0 0
1571 0 1 0 0 1 0 0
1572 0 1 0 0 0 0 1
1573 1 1 0 0 0 0 0
1574 0 0 0 0 2 1 0
1575 0 0 0 0 0 0 0
1576 1 0 0 0 0 0 0
1577 0 0 0 1 1 3 5
1578 0 0 0 1 1 7 1
1579 1 0 0 0 0 2 1
1580 1 0 1 0 0 0 0
1581 1 0 1 0 0 0 0
1582 1 0 1 0 0 0 0
1583 0 0 1 0 2 1 1
1584 1 0 1 3 2 3 0
1585 1 0 1 0 0 0 0
1586 1 0 1 0 0 0 0
1587 0 0 1 0 1 0 0
1588 1 0 0 0 0 0 0
1589 1 0 0 0 0 0 0
1590 0 0 0 0 3 1 0
1591 1 0 0 0 3 1 3
1592 0 0 0 0 0 0 0
1593 0 1 0 1 0 1 0
1594 0 0 0 0 0 0 0
1595 0 1 0 0 0 2 0
1596 0 0 0 4 3 2 10
1597 1 0 0 0 1 1 2
1598 1 0 0 2 1 0 0
1599 1 1 0 2 2 1 2
1600 1 0 0 11 12 9 2
1601 0 1 0 0 0 7 3
1602 1 1 0 0 0 0 0
1603 1 1 0 0 0 0 0
1604 1 1 0 0 0 0 0
1605 0 1 0 1 5 4 6
1606 1 1 0 3 2 5 4
1607 1 1 0 0 2 5 4
1608 0 1 0 0 0 6 3
1609 0 1 0 7 2 4 4
1610 0 1 0 0 0 1 4
1611 0 1 0 0 0 3 9
1612 0 0 1 2 1 3 5
1613 0 1 0 0 0 1 1
1614 0 1 0 0 0 0 0
1615 0 1 0 0 0 0 1
1616 1 1 0 0 0 1 1
1617 0 1 0 0 0 0 0
1618 0 1 0 3 1 3 1
1619 0 1 0 0 0 0 4
1620 0 1 0 2 1 0 0
1621 1 1 0 2 4 3 6
1622 1 1 0 0 3 3 3
1623 1 1 0 0 0 0 0
1624 0 1 0 3 2 4 4
1625 1 1 0 0 1 0 1
1626 1 1 0 0 0 0 0
1627 1 1 0 0 0 0 2
1628 0 1 0 0 1 2 2
1629 1 1 0 1 1 2 1
1630 1 0 1 0 1 0 0
1631 1 1 0 0 0 0 0
1632 1 1 0 1 2 5 3
1633 1 1 0 4 0 0 1
1634 1 1 0 0 0 0 0
1635 1 1 0 1 4 3 2
1636 0 1 0 3 2 1 3
1637 0 1 0 4 0 4 1
1638 0 1 0 0 0 0 0
1639 0 1 0 0 0 1 0
1640 0 1 0 0 0 1 0
1641 1 1 0 0 0 0 0
1642 1 1 0 0 4 0 1
1643 1 1 0 0 0 0 1
1644 0 1 0 0 0 0 0
1645 1 1 0 0 1 0 1
1646 0 1 0 0 0 0 1
1647 1 1 0 2 1 2 1
1648 1 1 0 1 3 2 1
1649 0 1 0 0 0 3 9
1650 0 1 0 0 4 4 1
1651 1 1 0 1 0 0 1
1652 1 1 0 0 0 0 0
1653 1 1 0 0 0 0 0
1654 1 1 0 0 0 0 0
1655 0 1 0 0 0 1 3
1656 0 1 0 0 0 0 0
1657 1 1 0 0 0 0 0
1658 1 0 0 0 1 0 0
1659 0 0 0 0 0 0 0
1660 1 0 0 0 0 0 0
1661 0 0 0 0 0 5 5
1662 1 0 0 0 0 0 1
1663 1 0 0 4 4 1 2
1664 0 1 0 3 3 7 3
1665 0 0 0 0 6 2 3
1666 1 0 0 1 2 1 2
1667 1 0 0 1 2 2 1
1668 1 0 0 0 0 0 0
1669 0 0 0 0 0 1 0
1670 1 0 0 0 2 2 4
1671 0 0 0 3 6 3 1
1672 0 0 0 0 0 0 0
1673 1 1 0 0 3 0 10
1674 1 0 0 0 0 2 0
1675 1 0 0 2 2 0 2
1676 1 0 0 0 0 2 3
1677 1 0 0 0 0 1 0
1678 1 0 0 0 0 0 0
1679 0 0 0 0 0 1 0
1680 1 0 0 0 0 3 3
1681 1 0 0 0 1 0 0
1682 1 0 0 0 0 0 1
1683 1 0 0 0 0 0 0
1684 0 0 0 0 0 0 0
1685 0 0 0 0 15 11 4
1686 0 0 0 0 2 5 4
1687 1 0 0 0 0 0 0
1688 1 0 0 0 0 1 0
1689 0 0 0 0 0 1 1
1690 0 0 0 0 0 0 1
1691 0 0 0 2 2 2 1
1692 0 0 0 0 4 0 0
1693 0 0 0 2 5 2 4
1694 1 0 0 0 0 0 0
1695 1 0 0 0 0 1 1
1696 0 0 0 0 1 4 0
1697 1 0 0 0 0 0 0
1698 0 0 0 0 3 1 2
1699 1 0 0 2 4 4 7
1700 0 0 0 0 4 1 4
1701 1 0 0 4 0 0 0
1702 1 0 0 0 0 0 2
1703 0 0 0 1 0 0 1
1704 1 0 0 0 4 0 2
1705 0 0 0 0 0 0 0
1706 1 0 0 0 0 0 0
1707 1 0 0 3 0 1 2
1708 1 0 0 0 1 1 1
1709 1 0 0 0 3 0 0
1710 0 0 0 0 0 3 4
1711 0 0 0 1 9 11 14
1712 1 0 0 0 1 1 0
1713 1 0 0 0 1 1 0
1714 1 0 1 0 0 2 1
1715 1 0 1 0 0 2 1
1716 0 0 1 0 0 1 1
1717 1 0 1 0 0 0 0
1718 0 0 1 0 0 0 0
1719 0 0 1 0 1 0 0
1720 1 0 1 0 0 0 0
1721 0 0 1 0 0 0 0
1722 0 0 1 0 0 0 0
1723 0 0 1 0 1 1 0
1724 0 0 1 0 0 0 1
1725 0 0 1 0 0 0 0
1726 0 0 1 0 0 0 0
1727 0 0 1 0 0 0 0
1728 0 0 1 0 0 2 0
1729 0 0 1 0 1 0 0
1730 0 0 1 0 1 2 0
1731 0 0 1 0 0 2 1
1732 0 0 1 0 9 4 1
1733 1 0 1 0 0 0 0
1734 1 0 1 0 0 1 4
1735 1 0 1 0 0 1 2
1736 1 0 1 1 4 4 5
1737 0 0 1 2 2 0 1
1738 1 0 1 1 0 0 0
1739 1 0 1 0 0 0 0
1740 1 0 1 0 0 1 0
1741 1 0 1 0 1 0 0
1742 0 0 1 0 0 1 2
1743 0 0 1 0 3 2 1
1744 1 0 1 0 0 0 1
1745 1 0 1 0 1 0 1
1746 0 0 1 0 0 1 1
1747 0 0 1 3 4 2 2
1748 1 0 1 0 0 1 1
1749 0 0 1 0 4 3 3
1750 1 0 1 0 0 0 0
1751 1 0 1 0 0 0 0
1752 1 0 1 0 0 0 0
1753 1 0 1 0 0 0 0
1754 1 0 1 0 0 0 0
1755 1 0 1 0 0 0 1
1756 1 0 1 0 0 1 0
1757 1 0 1 0 0 1 0
1758 1 0 1 1 0 2 0
1759 0 0 1 1 3 3 2
1760 0 0 1 0 1 2 2
1761 0 0 1 0 0 2 1
1762 0 0 1 3 0 7 3
1763 0 0 1 5 5 7 3
1764 1 0 1 0 0 0 0
1765 0 0 1 0 0 1 0
1766 0 0 1 0 0 0 0
1767 1 0 1 0 0 0 0
1768 1 0 1 1 1 0 1
1769 0 0 1 0 0 5 4
1770 0 0 1 1 1 0 1
1771 0 0 1 0 0 3 1
1772 0 0 1 0 0 0 0
1773 0 0 1 0 0 0 1
1774 1 0 1 0 0 0 1
1775 1 0 1 1 2 0 1
1776 1 0 1 3 2 0 1
1777 0 0 1 0 0 0 0
1778 0 0 1 0 1 2 2
1779 1 0 1 0 0 0 0
1780 1 0 1 0 0 0 0
1781 1 0 1 1 0 0 0
1782 1 0 1 0 0 0 0
1783 1 0 1 1 0 0 0
1784 1 0 1 0 0 0 0
1785 0 0 1 0 0 0 0
1786 0 0 0 0 13 1 0
1787 0 1 0 3 0 3 1
1788 1 1 0 0 0 0 2
1789 1 1 0 0 0 2 4
1790 1 1 0 3 3 3 2
1791 0 1 0 4 3 8 8
1792 1 1 0 0 0 1 2
1793 1 1 0 0 1 3 2
1794 0 1 0 0 0 2 1
1795 0 1 0 0 0 0 0
1796 1 1 0 2 0 0 1
1797 1 1 0 0 0 0 0
1798 1 1 0 0 0 0 0
1799 1 1 0 2 0 4 3
1800 0 1 0 2 6 3 1
1801 0 1 0 0 0 0 0
1802 0 1 0 0 0 0 0
1803 0 1 0 2 0 0 5
1804 0 1 0 0 1 1 1
1805 0 1 0 0 0 0 0
1806 0 1 0 1 2 0 0
1807 1 1 0 0 2 5 0
1808 1 1 0 0 0 1 0
1809 1 1 0 0 2 1 0
1810 0 1 0 0 3 2 0
1811 0 1 0 3 3 10 8
1812 0 1 0 0 0 2 0
1813 1 1 0 0 0 0 0
1814 1 1 0 0 0 0 1
1815 1 0 1 1 0 1 2
1816 1 0 1 0 0 0 1
1817 1 0 1 0 0 0 0
1818 0 0 1 0 0 0 0
1819 0 0 1 1 0 1 2
1820 0 0 1 2 1 1 1
1821 0 0 1 0 1 1 0
1822 0 0 1 0 0 0 0
1823 0 0 1 0 0 0 3
1824 0 0 1 0 3 3 7
1825 0 0 1 1 0 1 2
1826 0 0 1 1 1 2 6
1827 1 0 1 0 0 0 0
1828 0 0 1 0 0 2 1
1829 1 0 1 0 0 0 1
1830 1 0 1 0 1 3 3
1831 0 0 1 4 0 2 1
1832 0 0 1 0 0 3 2
1833 0 0 1 0 0 2 2
1834 0 0 1 0 0 1 0
1835 0 0 1 0 1 0 1
1836 0 0 1 0 0 0 0
1837 0 0 1 0 0 1 0
1838 0 0 1 0 0 2 1
1839 1 0 0 1 6 6 11
1840 1 0 0 1 4 0 15
1841 0 0 0 0 0 0 5
1842 1 0 0 0 0 0 0
1843 1 0 0 0 0 0 0
1844 1 0 0 2 1 3 2
1845 1 0 1 0 0 2 1
1846 1 0 1 3 6 6 2
1847 1 0 1 1 1 0 1
1848 1 0 1 0 0 0 0
1849 0 0 1 1 0 1 0
1850 1 0 1 1 0 0 1
1851 1 0 1 1 2 4 2
1852 0 0 1 0 0 0 0
1853 0 0 1 0 0 0 0
1854 1 0 1 0 1 0 0
1855 0 0 1 0 0 0 1
1856 0 0 1 0 0 0 1
1857 0 0 1 0 0 0 0
1858 0 0 1 0 0 0 0
1859 0 0 1 0 0 0 0
1860 0 0 1 0 0 1 0
1861 0 0 1 0 4 2 1
1862 0 0 1 1 0 0 0
1863 0 0 1 0 0 0 0
1864 1 0 1 0 0 0 0
1865 1 0 1 0 0 0 0
1866 0 0 1 0 0 3 0
1867 1 0 1 1 3 3 0
1868 1 0 1 0 0 0 0
1869 0 1 0 0 0 0 0
1870 0 1 0 0 0 3 1
1871 0 1 0 0 0 1 1
1872 0 1 0 1 1 0 1
1873 0 1 0 2 0 0 1
1874 0 1 0 0 2 1 0
1875 0 1 0 0 0 4 6
1876 0 1 0 0 0 2 1
1877 1 1 0 3 2 6 1
1878 0 1 0 0 0 1 0
1879 1 1 0 0 0 1 0
1880 1 1 0 0 0 0 3
1881 0 1 0 2 2 2 2
1882 1 1 0 0 1 4 2
1883 1 1 0 0 0 0 0
1884 1 1 0 0 2 1 1
1885 1 1 0 0 1 1 0
1886 1 1 0 0 0 0 0
1887 0 1 0 0 0 2 0
1888 0 1 0 3 1 1 2
1889 0 1 0 2 0 0 0
1890 1 1 0 0 1 0 1
1891 1 1 0 0 0 0 0
1892 1 1 0 0 0 0 0
1893 1 1 0 0 0 0 0
1894 0 0 1 1 2 1 1
1895 0 0 1 0 1 0 1
1896 0 0 1 0 0 0 0
1897 1 0 1 0 0 0 0
1898 1 0 1 0 0 0 0
1899 0 0 1 2 0 0 2
1900 0 0 1 0 0 0 0
1901 1 0 1 0 0 0 0
1902 1 0 1 0 0 5 0
1903 1 0 1 2 0 0 0
1904 1 0 1 0 0 0 1
1905 0 0 1 3 1 1 2
1906 0 0 1 0 0 0 0
1907 0 0 1 0 1 1 2
1908 0 0 1 4 4 2 2
1909 0 0 1 0 3 0 0
1910 0 0 1 0 0 0 0
1911 0 0 1 2 0 0 0
1912 0 0 1 1 1 2 1
1913 0 0 1 1 4 2 1
1914 0 0 1 1 0 0 0
1915 0 0 1 0 0 2 1
1916 0 0 1 1 0 1 0
1917 1 0 1 0 0 0 0
1918 1 0 1 1 0 3 1
1919 0 0 1 0 0 0 0
1920 0 0 1 0 0 0 0
1921 0 0 1 0 1 1 0
1922 0 0 1 0 2 2 1
1923 0 0 1 0 0 3 2
1924 0 0 1 7 10 8 4
1925 0 0 1 0 1 0 0
1926 1 0 1 0 0 1 2
1927 1 0 1 0 1 1 3
1928 0 0 1 0 0 0 0
1929 0 0 1 0 0 0 0
1930 0 0 1 0 0 0 0
1931 0 0 1 0 0 0 1
1932 1 0 1 0 0 0 0
1933 0 0 1 0 0 0 0
1934 0 0 1 0 0 1 1
1935 1 0 1 0 0 0 0
1936 1 0 1 0 0 0 0
1937 1 0 1 0 0 0 0
1938 0 0 1 0 0 0 0
1939 0 0 1 0 1 0 1
1940 0 0 1 0 0 0 1
1941 1 0 1 1 0 0 0
1942 1 0 1 0 0 0 0
1943 1 0 1 1 0 0 1
1944 0 0 1 0 0 2 1
1945 0 0 1 0 0 0 0
1946 1 0 1 0 0 0 0
1947 1 0 1 0 0 0 0
1948 1 0 1 0 0 0 0
1949 1 0 1 0 0 0 0
1950 1 0 1 0 0 0 0
1951 1 0 1 0 0 0 0
1952 1 0 1 0 0 0 0
1953 0 0 1 1 1 0 0
1954 0 0 1 2 2 4 3
1955 0 0 1 0 0 0 0
1956 0 0 1 0 0 0 0
1957 0 0 1 0 4 0 2
1958 1 0 1 1 1 3 4
1959 0 0 1 0 0 0 0
1960 0 0 1 0 0 0 1
1961 0 0 1 0 0 1 0
1962 1 0 1 0 0 0 0
1963 0 0 1 0 0 0 0
1964 0 0 1 0 0 0 0
1965 0 0 1 1 0 1 1
1966 0 0 1 0 0 0 0
1967 0 0 1 1 0 0 0
1968 0 0 1 0 0 0 0
1969 1 0 1 0 0 0 0
1970 1 0 1 1 0 0 1
1971 1 0 1 1 1 0 1
1972 1 0 1 0 0 0 1
1973 1 0 1 0 0 0 0
1974 1 0 1 0 0 0 0
1975 1 0 1 0 2 2 0
1976 0 0 1 1 1 6 4
1977 0 0 1 1 0 2 3
1978 0 0 1 1 2 3 5
1979 0 0 1 0 3 5 1
1980 0 0 1 0 1 3 2
1981 0 0 1 0 2 2 1
1982 1 0 1 0 0 0 2
1983 1 0 1 0 0 0 0
1984 0 0 1 0 1 0 0
1985 0 0 1 0 3 1 0
1986 0 0 1 0 0 0 0
1987 0 0 1 0 0 0 0
1988 0 0 1 0 4 4 3
1989 0 0 1 0 0 4 3
1990 1 0 1 0 0 0 0
1991 1 0 1 3 0 0 0
1992 1 0 1 0 0 0 0
1993 1 0 1 1 1 0 1
1994 1 0 1 0 4 2 1
1995 1 0 1 0 6 7 2
1996 0 0 1 0 0 0 0
1997 1 0 1 0 0 0 0
1998 1 0 1 1 1 0 2
1999 0 0 1 0 0 0 0
2000 0 0 1 0 0 1 1
2001 1 0 1 0 0 0 2
2002 0 0 1 0 0 0 0
2003 1 0 1 0 0 0 0
2004 1 0 1 0 0 0 0
2005 0 0 1 0 2 2 2
2006 0 0 1 0 0 0 0
2007 0 0 1 0 0 0 1
2008 1 0 1 1 1 1 0
2009 0 0 1 1 0 1 2
2010 0 0 1 6 3 4 2
2011 0 0 1 3 3 3 1
2012 0 0 1 1 0 0 0
2013 0 0 1 1 3 2 0
2014 0 0 1 0 0 0 0
2015 0 0 0 0 0 0 2
2016 1 0 0 0 0 0 0
2017 1 0 0 0 0 0 0
2018 0 0 0 4 3 4 1
2019 1 0 0 0 2 1 5
2020 1 0 0 0 0 0 1
2021 1 0 0 0 0 0 0
2022 0 0 0 0 0 3 0
2023 0 0 0 0 0 0 0
2024 0 0 0 0 3 0 0
2025 1 0 0 0 1 0 0
2026 0 0 0 0 1 0 1
2027 0 0 0 0 1 0 0
2028 0 0 0 0 0 0 0
2029 0 0 0 0 0 0 0
2030 1 0 0 3 0 0 0
2031 1 0 0 0 0 0 0
2032 0 0 0 0 0 0 0
2033 0 0 0 2 1 6 3
2034 0 0 0 3 1 0 0
2035 1 0 0 0 0 0 0
2036 0 0 0 0 0 2 1
2037 0 0 0 0 3 2 2
2038 0 0 0 0 0 0 0
2039 1 0 0 1 0 0 0
2040 1 0 0 0 0 0 0
2041 1 0 0 1 0 0 0
2042 0 0 0 4 3 0 1
2043 1 0 0 0 1 0 0
2044 0 0 0 0 0 0 0
2045 0 0 0 0 1 2 0
2046 0 0 0 0 0 0 0
2047 0 0 0 0 0 0 0
2048 0 0 0 6 0 1 2
2049 1 0 0 1 0 0 0
2050 1 0 0 2 0 0 0
2051 1 0 0 0 0 0 0
2052 0 0 0 1 1 0 0
2053 0 0 0 0 3 2 1
2054 0 0 0 0 0 0 0
2055 0 0 0 0 1 3 3
2056 0 0 0 0 2 1 0
2057 0 0 0 0 1 6 0
2058 0 0 0 0 12 10 6
2059 1 0 0 2 0 5 2
2060 0 0 0 1 2 3 2
2061 0 0 0 0 5 11 7
2062 0 0 0 2 3 1 1
2063 0 0 0 0 3 7 11
2064 1 0 0 0 0 4 3
