0 0 0 2 0 0 0
0 0 0 1 4 1 4
1 0 0 0 0 0 1
1 0 0 0 1 0 2
1 0 0 0 0 0 0
1 0 0 0 1 0 0
1 0 0 0 0 0 0
0 0 0 3 5 5 6
0 0 0 0 0 1 0
0 0 0 0 0 2 0
1 0 0 0 0 0 0
0 0 0 0 1 0 4
0 0 0 2 2 0 3
0 0 0 4 2 5 0
1 0 0 0 3 0 0
1 0 1 0 0 0 0
0 0 1 0 0 1 1
1 0 0 0 1 1 2
0 0 1 3 2 1 3
1 0 0 0 0 0 4
0 0 0 0 0 3 0
0 0 0 0 0 3 2
0 0 0 8 9 9 8
0 0 0 1 1 0 2
1 0 0 0 0 0 0
1 0 0 0 2 3 0
0 0 0 0 2 5 2
1 0 0 1 0 2 0
1 0 0 3 4 7 1
0 0 0 0 5 4 1
0 0 0 1 0 1 0
0 0 0 12 7 5 2
0 0 0 0 9 9 5
0 0 0 1 5 4 4
0 0 0 3 12 12 6
0 0 1 0 4 3 4
0 0 1 1 15 9 6
0 0 0 2 2 1 3
0 0 0 0 2 4 2
0 0 0 2 3 8 1
0 0 0 2 7 4 6
0 0 0 0 0 1 2
0 0 0 0 3 5 4
0 0 0 0 0 0 1
0 0 0 0 1 0 0
0 0 0 5 6 6 7
1 0 0 0 0 0 0
0 0 0 11 5 0 1
1 0 0 0 0 1 0
1 0 0 0 0 0 1
1 0 0 0 0 0 0
1 0 0 2 2 1 0
1 1 0 0 1 0 0
0 0 0 0 2 1 0
0 0 0 0 0 7 0
1 1 0 1 1 1 3
0 1 0 1 0 0 0
0 1 0 0 0 0 0
0 1 0 0 0 1 0
1 1 0 1 0 0 0
0 1 0 1 0 1 1
0 1 0 1 2 2 0
1 1 0 0 0 2 4
1 1 0 2 1 0 2
1 1 0 2 5 6 1
0 1 0 0 0 2 0
0 1 0 2 2 1 5
0 1 0 0 0 0 1
1 1 0 0 0 2 1
1 1 0 0 0 2 0
1 1 0 4 1 0 0
1 1 0 3 2 1 2
1 1 0 0 1 3 0
1 0 1 0 0 0 0
1 0 1 1 1 0 0
0 0 1 2 0 0 0
0 1 0 0 0 0 0
1 1 0 0 0 0 0
1 1 0 0 0 0 0
1 1 0 0 0 0 0
1 1 0 1 0 0 1
1 1 0 0 1 0 0
0 1 0 1 0 2 1
0 1 0 0 0 0 0
0 1 0 0 4 1 1
0 1 0 1 5 5 1
0 1 0 0 1 0 1
1 1 0 0 0 1 0
0 1 0 4 7 8 2
0 1 0 3 2 1 2
0 1 0 6 5 10 2
1 1 0 1 1 0 2
0 1 0 0 0 0 0
0 1 0 0 0 5 2
1 1 0 2 0 1 3
0 1 0 0 0 1 1
0 1 0 0 0 3 0
1 1 0 0 1 4 3
1 1 0 0 1 1 1
0 0 1 0 0 0 2
0 0 1 0 0 1 0
0 0 1 3 1 0 0
0 0 1 1 1 0 0
1 1 0 1 1 2 0
1 1 0 1 3 2 0
0 1 0 1 2 2 4
1 1 0 0 0 0 0
0 1 0 0 0 1 2
1 1 0 0 0 0 0
0 1 0 0 5 5 1
0 0 0 0 0 1 0
1 0 0 0 0 2 0
1 1 0 0 0 1 0
1 1 0 0 0 2 2
0 1 0 1 1 2 0
0 1 0 0 0 0 0
1 1 0 0 1 0 0
1 1 0 0 0 4 4
0 0 1 1 0 6 3
0 1 0 0 0 0 0
0 1 0 1 0 0 3
0 1 0 2 6 7 2
1 1 0 5 8 7 4
1 1 0 0 0 1 1
1 1 0 0 0 1 0
1 1 0 0 0 2 0
1 1 0 2 1 4 3
0 0 1 2 4 4 2
1 0 1 0 1 1 5
0 0 1 0 3 4 2
1 0 1 5 5 8 6
0 0 1 0 2 2 2
1 0 1 0 2 0 1
1 0 1 0 1 3 2
0 1 0 0 1 2 4
0 0 1 0 0 1 3
0 0 1 0 0 1 1
1 0 1 1 2 0 3
0 0 1 1 0 0 3
1 0 1 0 0 1 0
1 0 1 0 0 2 0
1 0 1 0 0 2 0
0 0 1 0 1 0 1
0 0 1 0 0 0 0
1 0 0 0 1 1 4
1 0 1 7 5 5 1
0 0 1 0 0 2 3
1 0 1 0 1 2 0
0 0 1 1 1 2 2
0 0 1 1 3 4 0
0 0 1 0 0 0 1
0 0 1 0 0 4 0
0 0 1 1 0 0 0
0 0 1 4 5 0 0
1 0 1 2 0 0 5
1 0 1 4 5 7 3
0 0 1 4 8 10 5
0 0 1 0 0 0 0
0 0 1 0 0 0 0
0 0 1 0 1 0 3
0 0 1 1 0 1 0
1 0 1 0 0 0 3
1 0 1 1 0 1 0
1 0 1 4 5 1 0
0 0 1 0 0 0 0
1 0 1 1 1 0 0
1 0 1 1 0 1 0
1 1 0 0 0 3 2
1 1 0 0 1 0 0
0 0 1 0 0 2 0
1 0 1 0 0 1 1
0 0 1 0 3 5 1
1 0 1 0 0 0 1
1 0 1 0 0 0 0
0 0 1 3 5 1 3
1 0 1 0 0 0 1
1 0 1 3 0 1 0
1 0 1 0 1 2 2
0 0 1 6 7 7 4
0 0 1 3 12 12 7
0 0 1 2 3 2 2
0 0 1 1 0 0 0
1 0 1 0 0 0 2
0 0 1 1 0 0 0
0 0 1 2 2 4 1
0 0 1 5 1 4 1
0 0 1 2 6 2 2
1 0 1 0 0 0 1
1 0 1 1 2 3 0
0 0 1 1 2 6 1
1 0 1 0 0 0 0
1 0 1 0 0 0 0
1 0 1 0 0 5 4
1 0 1 2 9 8 1
0 0 1 1 0 1 2
0 1 0 4 2 5 4
1 1 0 1 2 5 2
0 1 0 2 0 2 0
1 0 1 0 0 0 3
1 0 1 0 0 0 0
1 0 1 0 0 0 0
1 1 0 0 3 4 2
1 0 1 0 0 0 0
1 0 1 0 0 2 2
0 0 1 0 4 1 3
1 0 1 0 0 1 3
1 0 1 0 0 0 0
0 0 1 0 0 3 6
1 0 1 0 1 0 0
0 0 1 0 0 0 1
0 0 1 2 2 0 0
1 0 1 1 1 0 1
0 0 1 0 0 0 0
0 0 1 0 0 0 0
0 0 1 0 0 0 0
0 0 1 0 2 2 5
1 0 1 0 2 0 0
0 0 1 1 0 8 1
0 0 1 1 0 0 0
0 0 1 2 3 3 5
0 1 0 0 0 2 0
1 1 0 0 1 3 0
1 0 1 0 0 0 0
0 0 1 1 3 2 2
1 0 1 2 3 4 3
1 0 1 0 0 0 0
0 0 1 4 2 6 3
1 0 1 0 0 0 1
0 0 0 1 2 1 1
1 0 0 0 0 1 0
0 0 0 4 3 1 5
1 0 0 0 0 0 0
1 0 0 0 0 2 0
0 0 0 1 1 4 3
0 0 0 0 2 1 3
1 0 0 0 0 0 0
0 0 0 1 2 0 2
0 0 0 0 0 1 0
1 0 0 0 0 2 2
0 0 0 1 0 4 2
0 0 0 1 0 0 2
1 0 0 1 0 1 2
1 0 0 0 1 0 0
0 0 0 0 0 1 1
0 0 0 0 2 3 3
0 0 0 1 0 0 0
1 1 0 0 0 0 2
0 1 0 1 0 0 0
0 1 0 0 0 0 0
0 1 0 0 0 3 4
1 0 1 3 7 6 7
1 0 1 0 0 0 0
1 0 1 2 2 0 2
1 0 1 0 0 0 1
1 0 1 1 1 1 3
0 0 1 1 3 3 3
1 0 1 0 0 0 0
1 0 1 0 0 0 0
0 0 1 0 0 0 0
1 0 1 0 0 0 1
0 0 1 0 1 0 0
0 0 1 0 0 1 2
1 0 1 0 1 0 1
0 0 1 1 1 1 1
1 0 1 0 0 0 1
1 0 1 0 0 2 2
1 0 1 0 1 4 2
1 0 1 0 1 1 3
0 1 0 0 0 0 0
0 1 0 0 0 1 0
1 1 0 1 1 0 0
0 0 1 2 1 0 0
0 0 1 0 0 2 2
1 0 1 0 0 1 0
0 0 1 0 0 0 0
1 0 1 0 0 0 0
1 0 1 0 0 0 0
0 0 1 1 0 0 0
0 0 1 0 0 1 0
1 0 1 6 3 2 0
1 0 1 0 0 0 0
0 1 0 2 4 4 5
0 0 1 0 0 2 1
1 1 0 1 3 2 1
1 1 0 0 0 5 5
1 0 1 0 0 0 1
1 0 1 0 1 0 1
1 0 1 0 0 0 3
0 0 1 2 2 3 3
0 0 1 5 5 11 5
0 0 1 0 2 0 0
0 0 1 3 3 3 5
1 0 0 0 4 5 2
0 0 0 0 0 0 1
0 1 0 0 3 1 1
0 0 1 0 0 0 0
0 1 0 0 3 2 4
0 1 0 4 8 3 4
0 1 0 1 4 1 4
1 1 0 5 3 0 0
0 0 0 3 0 0 1
0 0 0 0 0 12 1
0 0 0 8 7 13 7
0 0 0 0 0 0 0
0 0 0 2 0 1 0
1 0 0 2 0 2 1
1 0 0 1 1 0 0
0 1 0 0 1 1 0
1 0 0 0 0 0 0
0 0 0 0 0 1 2
0 0 0 4 5 4 3
0 0 0 8 12 14 9
0 0 0 5 9 6 0
0 0 0 2 0 0 0
0 0 0 0 0 1 2
0 0 0 0 1 0 0
0 1 0 4 7 4 4
1 1 0 3 7 4 3
0 1 0 3 0 0 2
1 1 0 0 0 0 0
0 0 1 0 0 0 3
1 0 1 4 4 5 3
1 1 0 1 0 1 3
1 0 1 0 0 0 1
1 0 1 0 0 0 3
1 0 1 1 0 4 0
1 0 1 1 1 2 0
0 1 0 0 1 0 0
1 0 1 0 3 2 1
1 0 1 1 0 0 0
1 0 1 0 2 1 1
0 0 1 0 2 1 0
0 0 1 0 1 0 1
0 1 0 0 4 1 3
0 1 0 0 0 0 0
0 1 0 0 0 0 1
0 1 0 2 0 1 2
1 1 0 0 0 3 1
0 1 0 0 0 0 3
0 1 0 0 0 0 5
0 1 0 0 1 1 3
0 1 0 1 0 0 0
1 1 0 0 0 0 0
1 1 0 1 0 0 2
1 1 0 0 0 0 0
0 1 0 0 1 3 4
1 1 0 0 0 0 0
0 0 0 0 1 11 4
0 1 0 0 0 5 4
1 1 0 1 1 4 4
1 0 1 0 0 0 0
1 0 1 0 3 1 1
1 0 1 0 1 0 0
1 0 1 0 1 0 1
1 0 1 0 0 0 2
1 0 1 2 0 2 1
1 0 1 0 0 0 0
1 0 1 0 0 1 0
1 0 1 0 0 0 0
1 0 1 0 0 0 1
1 0 1 2 2 1 3
0 1 0 2 3 8 3
1 1 0 0 0 0 1
0 1 0 1 1 3 0
0 1 0 0 0 1 0
1 1 0 0 1 2 0
0 1 0 2 3 3 0
1 1 0 3 2 1 0
1 1 0 0 0 0 0
0 1 0 0 0 1 0
0 1 0 0 0 3 1
0 1 0 0 0 0 1
1 1 0 0 1 0 0
1 1 0 9 0 0 0
1 1 0 0 0 0 0
1 1 0 0 0 1 0
1 1 0 0 1 0 0
1 0 1 0 1 3 2
1 0 1 0 0 0 0
0 0 1 4 0 1 0
0 0 1 3 1 4 1
0 0 1 5 5 5 7
0 0 1 1 1 3 4
0 1 0 0 2 3 2
0 1 0 0 2 6 5
1 1 0 0 0 0 0
0 1 0 0 0 4 3
0 0 1 2 5 4 0
0 0 1 4 4 4 0
0 0 1 0 0 0 0
1 0 1 0 0 0 0
0 0 0 0 0 0 2
1 1 0 0 3 1 3
0 0 1 0 0 0 0
0 0 1 0 0 0 0
0 0 1 0 1 4 2
0 0 1 3 2 0 0
1 0 1 0 1 0 0
1 1 0 0 0 5 0
1 1 0 0 0 0 0
1 1 0 0 0 1 0
1 0 1 1 0 0 2
0 0 1 1 0 0 0
0 0 1 2 1 3 3
0 0 1 1 1 2 1
0 0 1 0 0 0 0
0 0 1 1 0 0 3
0 0 1 0 0 0 2
0 0 1 0 1 2 2
0 0 1 0 8 8 9
1 0 1 0 0 0 0
1 0 1 1 2 2 0
1 0 1 0 2 2 0
1 0 0 0 1 2 6
0 0 0 0 3 3 1
0 0 0 0 0 0 4
0 0 0 0 0 0 0
0 0 0 1 0 0 2
0 1 0 1 1 1 0
0 1 0 0 0 0 0
0 1 0 3 1 5 5
0 1 0 3 3 3 1
1 0 1 0 2 0 0
0 0 0 1 2 5 2
1 0 0 0 0 3 0
0 0 0 0 11 4 5
0 0 0 0 0 7 6
0 0 0 3 4 4 1
0 0 0 0 0 1 0
0 0 0 0 0 1 1
0 0 0 5 1 4 3
0 0 1 0 0 1 2
1 0 0 0 0 11 6
1 0 1 0 0 0 4
1 0 1 0 0 1 0
1 0 0 0 1 0 2
1 0 0 0 2 3 2
1 0 1 0 0 0 0
0 1 0 4 10 10 2
0 0 0 1 0 0 0
1 0 1 0 0 2 1
1 0 0 0 0 0 1
0 0 0 0 0 2 1
1 0 1 0 0 0 0
1 0 1 0 0 1 0
1 0 1 0 0 1 0
0 0 0 1 1 0 2
1 0 1 0 0 0 0
0 0 0 0 5 4 5
1 0 0 0 0 1 0
1 0 0 1 5 3 1
0 0 0 2 4 6 1
0 0 0 3 7 6 9
0 0 0 3 2 1 0
0 0 0 0 4 1 0
0 0 0 1 2 0 0
1 1 0 0 0 0 0
0 0 0 0 1 0 0
0 1 0 4 0 9 4
0 0 0 0 3 1 1
1 0 0 0 0 0 4
0 1 0 0 2 3 0
0 1 0 9 8 6 6
0 1 0 0 1 0 0
0 1 0 5 6 2 3
0 0 0 0 4 3 1
0 0 0 1 0 2 0
0 0 0 4 8 4 1
0 0 0 2 0 1 0
0 0 0 5 3 5 1
1 1 0 0 0 0 0
0 0 0 1 4 3 3
0 0 0 1 3 1 0
1 1 0 0 0 0 0
0 1 0 2 0 2 0
0 1 0 3 6 5 2
0 0 0 0 1 4 5
0 0 0 5 1 2 0
0 1 0 5 12 9 5
0 0 0 3 3 6 4
0 0 0 4 3 1 1
1 1 0 2 2 3 2
0 1 0 2 2 7 3
0 0 1 0 0 0 0
1 0 1 0 0 0 1
0 0 1 0 0 0 0
1 0 1 0 0 4 2
1 0 1 0 0 0 0
1 0 1 0 0 0 0
1 0 1 0 0 0 0
0 0 1 3 2 1 4
0 0 1 0 0 4 0
1 0 1 0 0 1 3
0 0 1 0 1 1 1
0 0 1 0 0 2 0
0 0 1 0 0 0 1
0 1 0 2 6 5 1
0 1 0 1 3 14 4
1 1 0 0 0 0 0
0 1 0 1 0 0 1
0 1 0 0 0 0 0
0 1 0 0 0 5 1
1 1 0 0 0 0 1
0 1 0 1 4 2 4
0 1 0 1 0 0 1
0 1 0 0 4 2 3
0 1 0 2 1 0 1
0 1 0 4 2 0 1
1 1 0 0 0 1 1
1 1 0 0 0 0 0
1 0 0 0 0 0 3
0 0 0 2 0 0 2
1 0 0 1 1 1 0
0 1 0 5 0 1 6
0 0 0 2 4 1 7
0 1 0 0 0 0 0
1 1 0 0 1 1 0
0 1 0 0 1 8 4
0 1 0 0 0 0 1
1 1 0 0 0 0 1
1 1 0 3 4 5 8
1 1 0 2 2 5 2
0 0 0 2 2 1 1
0 0 0 0 4 2 4
1 0 0 0 1 2 1
0 1 0 2 4 4 6
1 1 0 0 0 0 1
1 1 0 3 1 1 1
1 0 0 0 2 0 1
1 0 0 0 0 0 1
1 0 0 1 0 0 1
1 0 0 2 0 0 0
0 0 0 2 13 0 0
0 0 0 0 1 0 0
0 0 0 0 1 0 2
0 0 0 0 1 3 2
1 0 0 0 0 1 0
1 0 0 0 0 0 5
1 0 0 2 3 1 0
0 0 0 0 3 2 0
0 0 0 0 1 2 0
0 0 0 1 0 0 0
0 0 1 0 4 1 1
1 0 1 0 0 0 0
0 0 1 1 0 1 0
0 1 0 2 5 5 1
1 1 0 0 1 1 0
0 0 1 3 6 2 1
0 0 1 2 6 8 5
0 0 1 5 0 3 0
0 0 1 3 7 7 0
0 0 0 0 0 3 1
0 0 0 3 5 10 4
0 0 0 1 3 6 0
1 0 1 0 4 0 1
0 0 0 3 4 1 3
1 0 0 2 0 0 2
1 0 0 0 0 0 0
0 0 0 0 0 0 1
0 0 0 4 9 3 2
0 0 0 0 0 0 2
1 0 0 3 4 4 2
0 0 0 1 1 2 0
0 0 0 4 10 10 4
0 0 0 0 1 0 2
0 0 0 3 4 1 0
1 0 0 0 0 0 2
0 0 0 2 0 0 1
0 0 0 0 0 3 4
1 0 0 0 0 0 2
1 0 0 0 0 0 1
1 0 0 1 1 0 0
0 0 0 1 1 2 4
0 0 0 0 6 3 4
0 0 0 1 3 1 2
0 0 0 1 4 6 5
1 0 0 2 7 2 1
1 0 0 3 5 2 4
0 0 0 2 3 0 0
1 0 0 1 1 1 0
1 0 0 0 0 4 2
1 0 0 0 0 0 0
1 0 0 0 1 0 0
1 1 0 1 6 1 1
1 1 0 0 0 0 0
1 1 0 3 6 4 5
1 1 0 1 1 2 1
0 1 0 0 0 0 0
0 1 0 0 0 0 0
1 1 0 1 2 1 2
0 1 0 1 3 0 2
0 1 0 0 1 0 3
0 1 0 0 0 2 0
0 1 0 1 0 0 0
0 1 0 0 0 0 0
0 1 0 0 0 2 0
1 1 0 0 0 0 0
1 1 0 0 0 1 0
1 1 0 0 0 0 0
0 1 0 0 0 0 0
0 1 0 2 4 3 2
0 1 0 3 0 1 3
0 1 0 5 6 10 7
0 1 0 4 4 0 3
0 1 0 0 0 0 5
1 1 0 1 0 1 0
1 1 0 0 0 1 0
1 1 0 2 3 4 2
1 1 0 1 0 0 1
0 1 0 1 0 0 0
1 1 0 0 0 0 0
1 1 0 0 0 0 0
0 1 0 0 0 3 1
1 1 0 8 10 7 1
0 0 1 2 1 1 1
0 1 0 2 5 8 1
0 1 0 0 0 0 2
0 1 0 5 5 10 6
0 1 0 0 0 0 0
0 1 0 0 0 0 0
1 1 0 0 1 1 0
1 1 0 1 1 1 1
1 1 0 3 5 7 2
1 1 0 1 0 0 0
0 1 0 0 0 0 0
1 1 0 1 1 1 0
0 1 0 4 0 0 0
0 1 0 1 2 2 0
0 1 0 1 9 9 10
0 1 0 0 2 3 5
0 1 0 2 5 4 4
1 0 1 0 1 0 0
0 0 1 0 0 1 0
0 0 1 0 0 0 0
1 0 1 0 0 0 0
1 0 1 0 2 0 0
0 0 1 1 0 0 0
0 0 1 0 0 0 0
0 0 1 1 2 0 2
0 0 1 0 0 0 0
0 0 1 0 3 2 2
0 0 1 7 5 9 7
0 0 1 0 0 0 0
0 0 1 0 0 0 0
1 0 1 0 0 0 1
1 0 1 0 0 0 0
1 0 1 1 0 0 1
1 0 1 0 0 0 0
1 0 1 0 0 0 0
1 0 1 0 1 1 0
1 0 1 0 0 0 0
1 0 1 0 0 0 0
1 0 1 0 0 0 0
1 0 1 1 0 0 0
1 0 1 0 0 0 0
1 0 1 0 0 0 0
1 0 1 0 0 0 0
1 0 1 0 0 0 1
1 0 1 0 0 0 0
1 0 1 0 0 0 0
1 0 1 0 0 0 0
1 0 1 0 0 0 0
1 0 1 2 0 0 0
1 0 1 0 0 1 0
1 0 1 3 5 7 1
1 0 1 0 0 0 0
1 0 1 3 0 1 0
1 0 1 0 0 0 0
1 0 1 0 0 0 0
1 0 1 0 0 0 0
1 0 1 0 0 0 0
1 0 1 0 0 1 1
1 0 1 0 0 0 0
1 0 1 1 0 0 0
1 0 1 0 0 0 0
1 0 1 0 0 0 0
1 0 1 0 0 0 0
1 0 1 0 0 0 0
1 0 1 0 0 0 0
1 0 1 1 2 0 0
0 0 1 0 0 2 0
0 0 1 0 0 0 0
0 0 1 0 0 0 0
0 0 1 0 0 0 0
0 0 1 0 0 0 0
0 0 1 0 0 0 0
0 0 1 0 0 0 0
0 0 1 0 0 0 0
1 0 1 0 0 0 0
1 0 1 0 0 0 0
1 0 1 0 0 4 2
0 0 1 4 5 2 0
0 0 1 1 0 0 0
0 0 1 0 0 0 0
1 0 1 2 1 0 1
1 0 1 0 0 0 0
1 0 1 0 0 1 1
0 0 1 1 1 2 4
0 0 1 0 0 0 0
0 0 1 0 0 0 0
1 0 1 1 0 1 1
1 0 1 0 0 0 0
0 0 0 0 0 0 1
0 0 0 2 0 0 0
0 0 0 0 0 2 0
1 0 0 1 0 2 2
1 0 0 1 1 0 0
1 0 0 0 2 3 0
0 0 0 0 1 7 0
0 0 0 4 4 3 2
1 0 0 0 0 0 0
1 0 0 0 0 0 0
0 0 0 2 5 6 3
0 0 0 1 2 0 5
1 0 1 0 0 0 0
1 0 1 1 0 0 0
0 0 1 0 0 3 2
0 0 1 3 8 8 5
1 0 1 0 0 0 0
1 0 1 2 0 1 0
0 0 1 0 4 3 3
1 0 1 0 0 0 0
1 0 1 0 0 0 2
1 0 1 0 0 0 1
1 0 1 0 0 0 0
1 0 1 0 0 0 0
1 0 1 0 0 0 0
0 0 1 0 1 0 1
1 0 1 0 0 0 0
0 0 1 0 0 0 0
0 0 1 0 1 0 1
0 0 1 0 0 0 0
0 0 1 0 0 0 0
0 0 1 5 2 0 0
0 0 1 2 1 1 1
0 0 1 6 1 2 0
0 0 1 0 3 3 1
0 0 1 0 0 0 0
0 0 1 1 0 2 2
1 0 1 0 0 0 0
0 0 1 0 0 0 1
1 0 1 0 2 1 1
1 0 1 1 0 3 3
1 0 1 0 0 0 0
1 0 1 0 0 1 3
0 0 1 0 0 1 1
0 0 1 0 0 1 0
0 0 1 0 1 2 0
0 0 1 0 0 0 0
0 0 1 0 0 0 0
0 0 1 0 0 0 0
0 0 1 1 0 0 0
0 1 0 0 0 0 0
1 1 0 0 0 0 0
1 1 0 1 0 0 0
1 1 0 0 1 0 0
1 1 0 0 0 0 0
0 1 0 3 4 2 3
1 1 0 0 0 0 0
0 1 0 0 0 1 1
0 1 0 1 5 4 1
1 1 0 0 0 0 0
1 1 0 2 0 0 0
1 1 0 0 1 0 0
0 1 0 4 6 4 5
0 1 0 3 4 7 8
1 1 0 1 0 1 0
1 1 0 0 0 0 0
1 1 0 0 0 0 0
0 1 0 0 0 0 1
0 1 0 0 0 0 0
0 1 0 1 0 0 0
0 1 0 0 0 0 0
0 1 0 0 0 0 2
0 0 0 0 0 0 0
1 0 0 1 0 1 1
1 0 0 2 2 3 1
1 0 0 5 0 3 3
0 0 0 0 0 0 0
0 0 0 0 0 0 1
0 0 0 0 7 7 7
0 0 0 2 4 6 2
0 0 0 2 7 1 2
1 0 0 0 0 0 0
1 0 0 0 0 0 0
1 0 0 0 1 1 1
0 0 0 1 3 4 3
0 0 0 4 5 6 2
0 0 0 1 0 3 2
1 0 1 1 1 0 0
1 0 1 1 1 0 0
1 0 1 2 1 0 1
1 0 1 3 0 0 0
1 0 1 0 0 0 1
0 0 1 0 1 1 1
1 0 1 1 0 0 0
1 0 1 0 1 0 0
0 0 1 0 1 0 1
1 0 1 2 1 4 2
1 0 1 1 1 1 1
1 0 1 0 0 0 2
1 0 1 0 0 0 0
1 0 1 0 0 0 0
1 0 1 0 0 0 0
1 0 1 0 0 0 0
1 0 1 0 0 0 0
0 0 1 0 0 1 0
0 0 1 0 0 0 0
0 0 1 0 0 0 0
0 0 1 0 0 0 0
0 0 1 0 0 0 0
0 0 1 2 1 2 0
0 0 1 0 0 0 0
0 0 1 2 1 3 4
0 0 1 0 0 0 0
0 0 1 0 0 0 0
1 1 0 1 0 0 0
1 1 0 0 0 0 0
1 1 0 1 0 0 0
0 1 0 0 0 0 0
0 1 0 1 3 6 5
1 1 0 3 0 0 0
1 1 0 0 0 0 0
0 1 0 0 0 1 1
0 1 0 0 0 0 0
0 1 0 0 1 2 1
0 1 0 0 0 0 0
1 1 0 0 0 0 0
0 1 0 0 4 3 2
0 1 0 0 0 0 0
1 1 0 0 2 5 1
0 1 0 4 3 0 0
0 1 0 2 3 1 0
0 0 0 3 1 0 0
0 0 0 1 3 0 0
1 0 0 0 0 0 0
1 0 0 0 1 1 0
0 0 0 0 0 2 4
0 0 0 1 2 6 3
1 0 0 0 0 0 2
1 0 0 1 5 0 0
1 0 0 0 0 0 0
1 0 0 1 0 0 4
1 0 0 0 0 0 5
1 0 0 2 2 1 1
1 0 0 0 1 1 2
0 0 0 0 2 1 2
0 0 0 0 0 5 2
0 0 0 0 0 0 0
1 0 0 1 6 5 2
0 0 0 0 1 0 0
0 0 0 0 0 2 1
1 0 0 1 0 0 0
1 0 0 0 1 3 0
0 0 1 4 2 0 1
1 0 0 0 0 1 0
1 0 0 0 4 1 0
1 1 0 0 0 1 0
1 0 0 1 1 2 0
1 0 0 0 0 0 0
0 0 0 6 3 3 4
0 1 0 5 3 3 4
1 0 0 0 0 1 1
1 0 0 0 8 2 1
0 0 0 2 0 0 5
0 0 0 0 1 0 3
1 0 0 0 0 1 0
0 1 0 0 0 1 0
0 1 0 1 0 0 0
0 1 0 3 4 3 0
1 1 0 0 0 1 0
1 1 0 0 0 0 0
0 1 0 2 0 0 0
0 1 0 1 2 3 1
0 1 0 0 1 0 0
0 1 0 0 1 1 1
1 1 0 3 0 2 1
0 1 0 0 11 8 5
1 1 0 0 1 0 0
1 0 1 0 0 1 0
0 1 0 1 0 0 0
1 1 0 0 0 0 0
1 1 0 0 0 0 0
0 1 0 1 6 1 4
1 1 0 0 0 0 0
1 1 0 0 2 1 1
1 1 0 0 0 0 0
1 1 0 1 0 1 0
1 0 0 1 4 4 4
0 0 0 0 0 5 1
0 0 0 0 2 3 2
1 0 0 0 1 0 0
1 0 0 0 4 2 1
1 0 0 1 1 2 1
1 0 0 0 1 8 3
0 0 0 0 0 0 0
0 0 0 3 7 15 2
0 0 0 1 5 13 11
0 0 0 0 2 0 1
0 0 0 0 2 0 0
1 0 0 3 3 1 2
1 1 0 2 1 0 0
1 0 1 0 1 1 1
1 1 0 0 0 0 0
1 1 0 0 0 0 0
1 1 0 0 0 0 0
1 1 0 0 0 0 0
0 1 0 2 5 9 7
1 1 0 0 0 3 2
0 1 0 5 6 6 6
0 1 0 0 0 0 0
0 1 0 0 5 1 0
1 1 0 0 0 0 0
0 1 0 0 1 2 1
0 1 0 0 0 0 0
0 1 0 0 0 3 2
0 1 0 0 1 1 1
0 1 0 3 1 0 0
0 1 0 1 1 3 3
1 1 0 0 0 3 0
1 1 0 0 0 0 0
0 1 0 0 1 3 0
0 1 0 1 7 11 5
0 0 1 0 1 0 2
0 0 1 5 14 0 0
1 0 1 0 0 0 0
1 0 1 0 0 0 0
1 0 1 0 0 0 0
0 0 1 7 7 3 3
0 0 1 1 4 2 2
0 0 1 0 2 1 1
1 1 0 0 0 0 1
1 0 1 1 0 0 0
1 0 1 2 1 2 2
1 0 1 0 0 0 1
1 0 1 0 0 0 0
0 0 1 0 3 1 0
0 0 1 0 1 0 0
1 0 1 0 1 1 0
0 0 0 0 1 2 6
0 0 0 5 6 6 6
0 0 0 5 8 5 5
0 0 0 3 3 6 2
0 1 0 1 0 2 1
0 1 0 2 0 0 0
0 1 0 8 1 0 0
0 1 0 0 0 1 1
0 1 0 0 0 0 0
0 1 0 0 0 0 0
0 1 0 0 0 2 2
0 1 0 0 4 6 3
1 1 0 0 0 0 0
1 1 0 0 0 0 0
0 1 0 2 4 8 3
1 1 0 1 0 0 0
1 1 0 3 0 0 0
1 1 0 2 0 1 1
0 1 0 3 2 1 1
1 1 0 3 2 0 0
1 1 0 0 0 0 1
1 1 0 0 0 0 0
1 1 0 0 0 0 0
1 1 0 0 2 0 0
1 1 0 1 1 2 3
1 1 0 0 2 2 1
1 1 0 0 3 0 1
0 1 0 0 2 2 2
1 1 0 0 3 2 2
1 1 0 2 2 1 1
0 1 0 3 3 7 3
1 1 0 2 1 1 1
0 1 0 3 5 9 8
0 1 0 1 0 5 3
0 1 0 0 0 1 0
0 1 0 0 0 0 0
0 1 0 0 7 2 1
0 1 0 0 0 0 0
0 1 0 0 7 11 6
0 1 0 0 3 3 1
0 1 0 3 0 1 2
0 1 0 0 1 2 2
0 1 0 0 1 1 1
0 0 1 0 0 0 0
0 1 0 0 0 0 0
1 0 0 0 0 1 0
1 0 0 0 0 0 0
1 0 0 0 0 0 0
1 0 0 0 0 0 0
0 0 0 0 2 5 3
1 0 0 0 1 0 0
1 0 0 1 0 0 0
1 0 0 0 0 0 0
1 0 0 1 1 0 1
0 0 0 4 8 5 6
0 0 0 4 7 6 8
1 0 0 1 3 1 2
0 0 0 2 3 3 0
0 0 0 0 0 0 0
0 0 0 3 5 4 4
0 0 0 5 8 6 5
0 0 1 0 0 0 0
0 0 1 2 3 1 2
0 0 1 0 0 1 1
1 0 1 0 0 0 0
1 0 1 0 0 0 0
1 0 1 0 0 0 1
1 0 1 0 0 0 0
0 0 1 4 8 6 6
1 0 1 0 0 0 0
1 0 1 0 1 1 1
0 0 1 0 0 0 0
0 0 1 0 0 0 0
1 0 1 0 0 0 0
1 0 1 5 0 0 0
0 0 1 0 0 0 0
1 0 1 2 1 0 0
1 0 1 0 0 0 0
0 0 1 0 0 0 0
1 0 1 0 0 0 0
0 0 1 0 0 0 0
1 0 1 0 0 1 0
1 0 1 0 2 0 0
0 0 1 0 0 0 0
0 0 1 0 0 0 0
1 0 1 0 1 0 0
1 0 1 0 0 0 0
0 0 1 0 0 0 0
0 0 1 0 0 0 0
0 0 1 0 0 0 0
1 1 0 0 0 0 0
1 1 0 0 0 0 0
1 1 0 0 0 0 0
1 1 0 0 0 0 0
1 1 0 0 0 0 0
1 1 0 0 0 0 0
0 1 0 1 4 0 0
0 1 0 0 0 1 3
0 1 0 0 0 0 0
0 1 0 2 0 0 0
0 1 0 0 0 1 0
0 1 0 0 1 0 0
0 1 0 0 0 0 1
0 0 1 1 0 0 3
1 1 0 1 0 0 0
1 1 0 0 0 0 0
0 1 0 3 1 0 1
0 1 0 4 0 0 1
0 1 0 0 0 0 0
1 1 0 0 0 2 4
0 1 0 0 0 0 0
1 1 0 2 0 0 0
1 1 0 1 3 3 0
1 1 0 1 0 0 0
1 1 0 0 0 0 0
1 1 0 0 0 0 1
1 1 0 0 3 1 1
1 1 0 0 0 0 0
1 1 0 0 0 0 0
0 1 0 5 3 1 1
1 1 0 0 4 4 3
1 1 0 0 0 0 1
1 1 0 0 0 1 2
0 1 0 0 0 0 0
0 1 0 0 1 0 0
0 1 0 0 0 0 1
0 1 0 7 7 9 9
1 1 0 0 0 0 2
0 1 0 1 0 0 1
1 1 0 0 0 1 0
1 1 0 0 0 4 0
1 1 0 3 4 0 0
0 1 0 0 0 2 0
0 1 0 2 2 1 0
0 1 0 5 3 7 5
1 1 0 1 5 4 0
1 1 0 2 4 0 0
1 1 0 0 1 0 1
0 1 0 2 0 0 0
0 1 0 0 0 0 0
0 1 0 0 0 1 1
1 1 0 0 0 0 0
1 0 0 0 1 0 0
1 1 0 0 0 0 0
1 1 0 0 0 0 0
1 1 0 0 0 0 0
1 1 0 0 0 0 0
1 1 0 0 0 0 0
1 1 0 0 0 0 0
1 1 0 1 1 0 0
1 1 0 0 1 0 0
1 1 0 2 1 0 1
0 1 0 1 1 4 3
0 1 0 3 3 7 3
0 1 0 0 0 0 3
1 1 0 4 1 1 0
0 1 0 1 2 3 2
1 1 0 0 0 0 0
1 1 0 0 0 0 0
1 1 0 0 1 0 0
1 1 0 0 1 0 1
0 1 0 0 0 0 0
1 0 1 0 5 5 2
1 0 1 1 0 0 0
1 0 1 0 0 0 0
0 0 1 0 0 1 2
1 0 1 0 0 0 0
1 0 1 0 5 3 1
0 0 1 0 1 0 0
1 0 1 0 0 0 0
1 0 1 0 0 0 0
0 0 1 0 0 0 0
0 0 1 0 0 0 0
0 0 1 0 0 0 0
0 0 1 0 0 0 0
0 0 1 0 1 1 1
1 0 1 0 1 1 0
1 0 1 0 0 0 0
0 0 1 0 0 2 1
0 0 1 0 0 1 1
0 0 1 2 0 1 2
0 0 1 0 0 0 0
1 0 1 0 0 1 0
1 0 1 0 0 0 0
0 0 1 0 0 0 0
0 0 1 0 0 0 0
0 0 1 1 2 0 0
0 0 1 0 0 0 1
0 0 1 2 2 0 0
0 0 1 0 0 1 0
1 0 1 0 0 0 2
0 0 1 2 6 1 1
1 0 1 0 0 0 0
1 0 1 0 0 0 0
1 0 1 0 0 0 0
1 0 1 0 1 0 0
1 0 1 0 1 0 1
0 0 1 0 0 0 1
0 0 1 0 0 0 1
0 0 1 0 0 0 0
0 0 1 1 7 4 4
1 0 1 0 0 0 0
1 0 1 0 0 1 1
0 0 1 0 1 1 1
1 0 1 0 1 3 2
0 0 1 0 0 1 4
0 0 1 0 3 5 8
1 0 1 0 0 0 0
0 0 1 0 0 0 0
0 0 1 0 1 1 2
0 0 1 0 0 1 0
1 0 1 1 0 1 2
1 0 1 0 0 1 1
1 0 1 0 0 0 0
1 1 0 2 2 1 0
1 1 0 0 0 0 0
1 1 0 0 1 1 0
1 1 0 4 1 1 1
1 1 0 2 2 2 1
1 1 0 0 0 1 0
1 1 0 0 0 2 1
0 1 0 0 2 0 0
1 1 0 1 0 0 0
1 1 0 0 0 0 0
1 1 0 0 0 0 0
0 1 0 1 3 0 0
1 1 0 2 1 3 3
1 1 0 0 1 3 3
0 1 0 1 0 0 0
0 1 0 2 1 1 1
1 1 0 1 0 0 1
0 1 0 0 2 0 0
1 0 1 0 0 0 0
1 0 1 0 0 2 0
1 0 1 2 3 6 4
1 0 1 0 0 1 0
1 0 1 8 2 0 0
0 0 1 2 5 3 5
0 0 1 0 2 3 2
0 0 1 2 1 5 8
0 0 1 1 0 1 2
0 0 1 0 0 0 0
0 0 0 2 0 0 0
0 0 0 0 0 0 0
0 0 0 2 0 1 0
0 0 0 0 0 0 0
0 0 0 1 0 0 2
0 0 0 0 0 2 0
0 0 0 2 0 0 0
0 0 0 0 0 0 0
0 0 0 0 0 0 0
1 0 0 0 0 0 4
1 0 0 3 1 0 1
0 0 0 0 1 4 3
0 0 0 0 0 1 0
1 0 0 0 0 0 0
0 0 0 0 1 4 3
0 0 0 0 2 1 2
0 0 0 0 4 4 3
1 0 0 0 0 0 0
0 0 0 0 2 1 0
1 0 1 1 2 5 1
0 0 1 0 0 0 0
0 0 1 0 1 1 1
0 0 1 1 0 4 1
0 0 1 0 0 0 0
0 0 1 0 0 0 0
0 0 1 0 0 0 0
1 0 1 0 0 0 0
1 0 1 0 0 0 0
0 0 1 3 2 1 1
0 0 1 2 2 3 1
0 0 1 1 0 1 2
0 0 1 0 0 0 0
1 1 0 0 0 0 0
0 1 0 0 3 8 2
1 1 0 0 1 3 3
1 1 0 0 0 0 1
1 1 0 1 0 0 0
1 1 0 2 0 0 0
1 1 0 0 1 2 0
0 1 0 4 0 2 1
0 1 0 0 0 1 0
0 1 0 0 0 1 0
0 1 0 0 2 0 0
1 1 0 0 0 0 0
1 1 0 3 2 1 1
1 1 0 0 0 3 6
1 1 0 1 3 3 1
1 1 0 2 0 0 4
1 1 0 0 0 0 0
0 1 0 2 5 3 9
0 1 0 1 0 0 2
1 1 0 0 0 0 0
0 1 0 2 5 2 3
1 1 0 0 0 2 1
1 1 0 0 0 1 0
0 1 0 0 4 2 2
0 1 0 0 0 0 0
0 1 0 0 0 0 1
0 1 0 0 3 2 2
0 1 0 2 0 0 1
1 1 0 1 5 4 4
0 1 0 0 2 3 1
0 1 0 0 1 3 2
0 1 0 0 1 2 2
0 1 0 0 3 4 9
0 1 0 0 1 1 1
1 1 0 0 0 0 0
0 1 0 1 1 2 3
1 1 0 0 0 0 0
1 1 0 0 0 0 1
1 1 0 0 0 3 3
1 1 0 0 2 1 3
0 1 0 0 0 0 0
0 1 0 2 0 0 0
1 0 1 0 0 0 0
1 0 1 0 0 0 0
1 0 1 0 0 0 0
1 0 1 0 1 0 0
1 0 1 0 0 0 2
1 0 1 1 2 2 1
1 0 1 0 0 0 0
1 0 1 1 2 0 0
0 0 1 0 0 1 2
0 0 1 0 0 4 0
0 0 1 3 1 4 2
0 0 1 0 0 0 0
0 0 1 0 2 3 4
1 0 1 1 0 0 0
1 0 1 0 0 0 0
1 0 1 0 1 0 0
1 0 1 0 1 0 0
1 0 1 0 0 0 0
1 0 1 0 1 1 0
1 0 1 0 1 0 0
1 0 1 1 0 0 0
1 0 1 0 1 1 0
0 0 1 3 2 2 3
0 0 1 5 5 4 7
1 0 1 0 0 2 3
1 0 1 0 0 0 0
0 0 0 0 0 0 2
0 0 0 0 2 1 1
1 0 0 2 4 1 1
1 0 0 1 0 1 0
1 0 0 1 1 0 1
1 0 0 0 7 4 3
0 1 0 0 0 0 1
0 0 0 0 0 3 1
1 0 0 1 0 0 0
0 0 0 0 0 0 0
0 0 0 2 0 0 0
1 0 0 1 1 0 0
1 0 0 3 2 2 0
1 0 1 0 0 0 0
1 0 1 0 0 1 0
1 0 1 0 0 1 0
1 0 1 0 0 0 0
1 0 1 0 0 0 0
1 0 1 1 0 0 0
1 0 1 1 0 0 0
1 0 1 0 0 1 0
1 0 1 0 0 0 0
1 0 1 0 0 0 0
0 0 1 0 0 0 0
0 0 1 0 0 0 0
0 0 1 0 1 0 0
0 0 1 0 0 1 1
0 0 1 2 0 0 0
0 0 1 0 0 0 0
0 0 1 0 0 0 0
0 0 1 1 3 12 0
0 0 1 0 1 13 1
0 0 1 0 0 4 1
0 0 1 0 0 0 0
0 0 1 0 0 0 0
1 0 1 0 0 0 1
1 0 1 3 2 2 2
1 0 1 0 0 0 0
1 0 1 0 0 0 0
0 1 0 0 0 1 0
1 1 0 0 1 0 0
1 1 0 0 1 1 0
1 1 0 0 0 0 0
0 1 0 2 6 4 2
0 1 0 0 0 1 1
0 1 0 4 1 0 1
0 1 0 0 2 4 1
0 1 0 0 0 0 0
0 1 0 3 6 16 2
0 1 0 1 1 3 3
1 1 0 0 0 1 0
1 1 0 0 0 0 0
1 1 0 0 2 4 4
1 1 0 0 3 2 0
1 1 0 1 1 0 0
1 1 0 0 0 0 0
1 1 0 0 1 5 5
1 1 0 4 1 3 1
1 1 0 0 0 0 0
1 1 0 1 2 0 2
1 1 0 0 0 1 0
1 1 0 1 0 1 1
1 1 0 0 0 1 1
1 1 0 1 0 0 0
0 1 0 0 0 0 1
0 1 0 0 3 3 6
0 1 0 0 4 11 1
0 1 0 0 0 3 0
0 1 0 0 0 2 1
1 1 0 0 1 0 0
1 1 0 0 0 1 1
1 1 0 0 0 0 0
0 1 0 0 4 3 0
0 1 0 0 0 0 0
0 1 0 3 4 6 4
0 1 0 3 0 0 0
0 1 0 0 0 1 1
0 1 0 0 2 2 2
0 1 0 0 0 2 3
1 0 1 0 0 0 3
1 0 1 1 0 0 0
1 0 1 0 0 0 0
1 0 1 0 0 1 2
0 0 1 8 4 6 2
0 0 1 0 0 1 2
0 0 1 1 2 2 1
1 0 1 0 1 0 0
1 0 1 0 1 0 0
1 0 1 0 0 1 0
1 0 1 0 0 0 0
1 0 1 0 0 0 0
1 0 1 0 1 0 0
1 0 1 0 0 0 0
1 0 1 3 2 0 0
0 0 1 0 0 0 1
0 0 1 4 2 4 1
0 0 1 7 3 1 3
0 0 1 1 3 1 3
1 0 1 1 0 0 0
0 0 1 1 1 3 1
0 0 1 0 0 5 1
1 0 1 0 0 0 0
0 0 0 0 0 0 0
1 0 0 0 0 0 0
1 0 0 0 3 7 5
1 0 0 0 0 0 0
1 0 0 2 1 3 2
1 0 0 0 2 1 1
1 0 0 0 1 0 0
1 0 0 1 1 0 0
1 0 0 0 1 0 0
1 0 0 0 0 0 0
1 0 0 0 0 0 0
1 0 0 0 0 0 0
1 0 0 0 2 1 0
1 0 0 0 0 0 0
0 0 0 0 0 0 0
1 0 1 0 0 0 0
1 0 1 0 0 0 1
1 0 1 0 0 0 0
1 0 1 0 0 0 0
1 0 1 0 1 0 0
1 0 1 0 0 2 1
1 0 1 0 0 0 1
1 1 0 0 0 2 0
1 0 1 0 0 0 0
1 0 1 0 0 0 0
1 0 1 0 0 0 0
1 0 1 0 0 0 0
1 0 1 2 0 0 0
1 0 1 2 1 5 3
1 0 1 1 0 0 0
1 0 1 0 0 0 0
1 0 1 0 0 0 0
1 0 1 0 0 0 2
1 0 1 1 4 1 0
1 0 1 0 0 0 0
1 0 1 0 0 0 0
1 0 1 0 1 0 0
1 0 1 0 0 0 0
1 0 1 0 1 2 1
1 0 1 0 0 0 0
1 0 1 0 1 1 0
1 0 1 0 1 0 0
1 0 1 0 0 0 0
1 0 1 0 1 0 0
1 0 1 0 0 0 0
0 0 0 0 2 1 1
1 0 0 0 3 0 0
0 0 0 2 0 2 1
1 0 0 0 0 0 0
1 0 0 4 1 2 0
1 0 0 1 0 0 1
0 0 0 0 3 2 3
1 0 0 0 3 0 0
1 0 0 0 0 0 0
1 0 0 2 3 1 1
0 0 0 0 2 3 1
0 1 0 1 1 0 1
1 0 0 0 0 0 0
1 0 0 0 1 4 1
1 0 0 0 0 0 0
1 0 0 0 0 0 0
1 0 0 0 0 0 0
1 0 0 0 1 0 0
1 0 0 0 0 0 2
0 0 0 4 0 1 0
0 0 0 3 1 1 2
0 0 0 0 0 1 1
1 0 0 0 0 0 0
0 0 1 0 0 0 1
1 0 1 1 1 3 1
1 0 1 0 0 0 1
1 0 1 0 0 1 0
1 0 1 0 0 0 0
1 0 1 0 0 0 0
1 0 1 0 0 0 1
0 0 1 0 0 0 0
0 0 1 0 0 0 0
0 0 1 0 0 0 0
0 0 1 0 2 1 1
0 0 1 0 1 1 0
1 0 1 0 0 1 1
1 0 1 1 0 0 0
0 0 1 0 1 2 2
1 0 1 0 0 0 1
0 0 1 0 0 0 0
0 0 1 0 1 1 0
0 0 1 0 0 0 2
0 0 1 1 1 3 2
1 0 1 0 0 1 0
0 0 1 0 0 0 0
1 0 1 0 0 0 0
1 0 1 0 0 0 0
0 0 1 0 2 1 0
1 0 1 1 1 0 1
1 0 1 0 1 0 0
1 0 1 0 0 0 0
1 0 1 0 1 4 2
0 0 1 0 0 1 0
0 0 1 3 0 1 0
1 0 1 0 1 0 0
1 0 1 0 0 0 0
1 0 1 0 0 0 0
1 0 0 3 4 2 3
1 0 0 7 3 2 3
1 0 0 0 0 0 0
0 0 0 0 0 0 1
1 0 0 0 1 3 1
0 0 0 0 0 0 0
1 0 0 1 1 0 0
1 0 0 3 13 16 16
0 0 1 0 0 0 0
1 0 1 0 0 0 0
1 0 1 0 0 0 0
1 0 1 0 0 0 0
0 0 1 0 0 2 0
1 0 1 0 0 0 0
1 0 1 0 0 0 0
1 0 1 0 0 0 0
0 0 1 0 0 0 1
0 0 1 0 0 1 0
0 0 1 0 0 0 4
1 0 1 2 0 0 1
1 0 1 1 4 1 1
1 0 1 0 0 0 1
0 0 1 1 0 1 1
0 0 1 0 0 0 1
0 0 1 0 0 0 1
0 0 1 0 0 0 0
0 0 1 0 0 0 1
1 0 0 0 1 2 0
1 0 0 0 1 0 2
0 0 0 0 2 1 0
1 0 0 5 1 4 5
1 0 0 0 0 0 0
0 0 0 10 5 8 0
1 1 0 1 1 0 1
1 1 0 2 0 0 0
1 0 1 2 1 0 0
1 1 0 0 0 0 0
1 1 0 1 0 0 1
0 1 0 3 1 2 2
1 1 0 0 0 0 0
1 1 0 0 0 0 0
0 1 0 0 0 0 0
1 1 0 2 0 2 0
1 1 0 1 1 3 2
1 1 0 1 2 2 1
0 1 0 0 1 1 0
0 1 0 0 0 0 0
0 1 0 4 9 15 7
0 1 0 2 1 1 0
0 0 0 1 0 1 0
1 0 0 0 0 0 0
1 0 0 0 0 0 0
1 0 0 1 1 2 2
1 0 1 0 0 0 6
0 1 0 0 3 4 1
0 0 0 0 3 1 2
0 0 0 0 2 1 3
1 0 0 0 0 0 0
0 0 0 0 0 1 0
0 0 0 0 3 1 2
0 0 0 0 0 1 0
0 0 0 0 1 2 2
1 0 0 2 0 2 0
0 0 0 0 0 0 0
1 0 0 1 1 0 0
1 0 0 0 0 0 0
0 0 0 0 2 4 1
1 0 0 1 1 1 0
1 0 0 0 0 0 0
1 0 0 2 4 10 0
1 0 0 0 0 0 0
1 0 0 0 0 0 1
1 0 0 7 2 2 1
1 1 0 0 0 3 1
0 1 0 0 1 0 2
1 1 0 1 0 0 2
1 1 0 0 0 3 1
1 1 0 1 3 3 4
1 1 0 0 0 1 1
1 1 0 0 0 0 0
1 1 0 0 0 1 0
0 1 0 1 1 0 0
0 1 0 0 0 0 1
0 1 0 1 0 0 5
0 1 0 0 1 0 0
0 1 0 0 1 0 0
0 1 0 0 0 0 1
1 1 0 0 0 0 0
0 0 0 1 2 1 0
0 0 0 0 0 0 0
1 0 0 2 0 0 0
0 0 0 1 1 3 5
0 0 0 4 4 7 1
1 0 0 0 0 1 1
1 0 1 0 0 0 0
1 0 1 0 0 0 0
1 0 1 0 0 0 0
0 0 1 1 1 1 1
1 0 1 3 2 3 0
1 0 1 2 0 0 0
1 0 1 0 0 0 0
0 0 1 1 1 0 0
1 0 0 0 0 0 0
1 0 0 0 0 0 0
0 0 0 0 3 1 0
1 0 0 0 3 1 3
0 0 0 0 0 0 0
0 1 0 1 0 1 0
0 0 0 0 0 0 0
0 1 0 0 0 2 0
0 0 0 2 5 2 10
1 0 0 0 1 1 2
1 0 0 0 1 0 0
1 1 0 2 2 1 2
1 0 0 11 12 9 2
0 1 0 2 7 7 3
1 1 0 0 0 0 0
1 1 0 0 0 0 0
1 1 0 0 0 0 0
0 1 0 1 5 4 6
1 1 0 4 3 5 4
1 1 0 4 0 5 4
0 1 0 0 2 6 3
0 1 0 7 2 4 4
0 1 0 0 0 1 4
0 1 0 0 0 3 9
0 0 1 2 1 3 5
0 1 0 0 0 1 1
0 1 0 0 0 0 0
0 1 0 0 0 0 1
1 1 0 0 0 1 1
0 1 0 0 0 0 0
0 1 0 1 4 3 1
0 1 0 0 0 0 4
0 1 0 2 1 0 0
1 1 0 2 4 3 6
1 1 0 0 0 3 3
1 1 0 0 0 0 0
0 1 0 3 2 4 4
1 1 0 0 1 0 1
1 1 0 0 0 0 0
1 1 0 0 0 0 2
0 1 0 0 1 2 2
1 1 0 1 1 2 1
1 0 1 0 1 0 0
1 1 0 0 0 0 0
1 1 0 1 5 5 3
1 1 0 4 3 4 1
1 1 0 0 0 0 0
1 1 0 1 4 3 2
0 1 0 2 2 1 3
0 1 0 0 1 4 1
0 1 0 1 0 0 0
0 1 0 0 0 1 0
0 1 0 0 0 1 0
1 1 0 0 0 0 0
1 1 0 0 4 0 1
1 1 0 0 0 0 1
0 1 0 0 0 0 0
1 1 0 0 1 0 1
0 1 0 0 0 0 1
1 1 0 0 1 2 1
1 1 0 0 1 2 1
0 1 0 2 2 3 9
0 1 0 0 1 4 1
1 1 0 3 4 0 1
1 1 0 0 0 0 0
1 1 0 0 0 0 0
1 1 0 0 0 0 0
0 1 0 0 0 1 3
0 1 0 0 0 0 0
1 1 0 0 0 0 0
1 0 0 0 1 0 0
0 0 0 0 0 0 0
1 0 0 0 0 0 0
0 0 0 0 3 5 5
1 0 0 4 3 0 1
1 0 0 2 4 1 2
0 1 0 5 3 7 3
0 0 0 1 6 2 3
1 0 0 1 2 1 2
1 0 0 1 2 2 1
1 0 0 0 0 0 0
0 0 0 1 0 1 0
1 0 0 0 2 2 4
0 0 0 3 6 6 1
0 0 0 0 0 0 0
1 1 0 0 6 10 10
1 0 0 0 0 2 0
1 0 0 2 5 4 2
1 0 0 2 1 2 3
1 0 0 0 0 1 0
1 0 0 0 0 0 0
0 0 0 0 0 1 0
1 0 0 0 0 3 3
1 0 0 0 1 0 0
1 0 0 0 0 0 1
1 0 0 0 0 0 0
0 0 0 0 0 0 0
0 0 0 5 15 11 4
0 0 0 1 1 5 4
1 0 0 0 0 0 0
1 0 0 0 0 1 0
0 0 0 0 0 1 1
0 0 0 0 0 0 1
0 0 0 0 1 2 1
0 0 0 3 3 0 0
0 0 0 3 5 2 4
1 0 0 1 0 0 0
1 0 0 0 0 1 1
0 0 0 2 4 4 0
1 0 0 2 0 0 0
0 0 0 0 0 1 2
1 0 0 2 4 4 7
0 0 0 3 1 1 4
1 0 0 0 0 0 0
1 0 0 0 0 0 2
0 0 0 0 0 0 1
1 0 0 0 4 1 2
0 0 0 0 0 0 0
1 0 0 2 0 0 0
1 0 0 3 0 1 2
1 0 0 0 1 1 1
1 0 0 1 3 0 0
0 0 0 2 4 3 4
0 0 0 5 9 11 14
1 0 0 0 1 1 0
1 0 0 0 1 1 0
1 0 1 0 0 2 1
1 0 1 0 3 2 1
0 0 1 0 0 1 1
1 0 1 0 0 0 0
0 0 1 0 0 0 0
0 0 1 0 1 0 0
1 0 1 0 0 0 0
0 0 1 0 0 0 0
0 0 1 0 0 0 0
0 0 1 0 1 1 0
0 0 1 2 0 0 1
0 0 1 0 0 0 0
0 0 1 0 0 0 0
0 0 1 0 1 0 0
0 0 1 4 4 2 0
0 0 1 0 1 0 0
0 0 1 0 1 2 0
0 0 1 0 0 2 1
0 0 1 6 9 4 1
1 0 1 0 0 0 0
1 0 1 0 0 1 4
1 0 1 0 0 1 2
1 0 1 1 4 4 5
0 0 1 2 2 0 1
1 0 1 1 0 0 0
1 0 1 0 0 0 0
1 0 1 0 0 1 0
1 0 1 0 1 0 0
0 0 1 0 0 1 2
0 0 1 0 3 2 1
1 0 1 0 0 0 1
1 0 1 0 1 0 1
0 0 1 0 0 1 1
0 0 1 3 4 2 2
1 0 1 0 0 1 1
0 0 1 0 4 3 3
1 0 1 0 0 0 0
1 0 1 0 0 0 0
1 0 1 0 0 0 0
1 0 1 0 0 0 0
1 0 1 0 0 0 0
1 0 1 2 0 0 1
1 0 1 0 0 1 0
1 0 1 0 0 1 0
1 0 1 1 0 2 0
0 0 1 1 3 3 2
0 0 1 0 0 2 2
0 0 1 0 0 2 1
0 0 1 0 4 7 3
0 0 1 5 5 7 3
1 0 1 0 0 0 0
0 0 1 0 0 1 0
0 0 1 0 0 0 0
1 0 1 0 0 0 0
1 0 1 1 1 0 1
0 0 1 0 4 5 4
0 0 1 1 1 0 1
0 0 1 0 0 3 1
0 0 1 0 0 0 0
0 0 1 0 1 0 1
1 0 1 0 0 0 1
1 0 1 1 2 0 1
1 0 1 3 2 0 1
0 0 1 0 0 0 0
0 0 1 0 1 1 2
1 0 1 0 0 0 0
1 0 1 0 0 3 0
1 0 1 1 0 0 0
1 0 1 0 0 0 0
1 0 1 1 0 0 0
1 0 1 0 0 0 0
0 0 1 0 0 0 0
0 0 0 1 13 1 0
0 1 0 1 0 3 1
1 1 0 0 0 0 2
1 1 0 4 5 2 4
1 1 0 0 4 3 2
0 1 0 2 6 8 8
1 1 0 0 3 1 2
1 1 0 0 1 3 2
0 1 0 0 0 2 1
0 1 0 0 0 0 0
1 1 0 0 1 0 1
1 1 0 3 1 0 0
1 1 0 0 0 0 0
1 1 0 4 6 4 3
0 1 0 2 6 3 1
0 1 0 0 0 0 0
0 1 0 0 0 0 0
0 1 0 0 0 0 5
0 1 0 0 0 1 1
0 1 0 0 0 0 0
0 1 0 1 2 0 0
1 1 0 3 0 5 0
1 1 0 0 0 1 0
1 1 0 1 2 1 0
0 1 0 0 0 2 0
0 1 0 3 10 10 8
0 1 0 0 0 2 0
1 1 0 0 0 0 0
1 1 0 0 0 0 1
1 0 1 3 0 1 2
1 0 1 0 0 0 1
1 0 1 0 0 0 0
0 0 1 0 0 0 0
0 0 1 0 3 1 2
0 0 1 1 1 1 1
0 0 1 0 1 1 0
0 0 1 0 0 0 0
0 0 1 0 3 4 3
0 0 1 1 1 3 7
0 0 1 0 0 1 2
0 0 1 1 1 2 6
1 0 1 0 0 0 0
0 0 1 0 0 0 1
1 0 1 0 0 0 1
1 0 1 0 1 3 3
0 0 1 4 0 2 1
0 0 1 0 0 3 2
0 0 1 0 0 2 2
0 0 1 0 0 1 0
0 0 1 0 1 0 1
0 0 1 0 0 0 0
0 0 1 0 2 1 0
0 0 1 0 0 2 1
1 0 0 1 6 6 11
1 0 0 1 4 0 15
0 0 0 0 0 0 5
1 0 0 3 4 0 0
1 0 0 1 0 0 0
1 0 0 2 1 3 2
1 0 1 0 0 2 1
1 0 1 3 6 6 2
1 0 1 1 1 0 1
1 0 1 0 0 1 0
0 0 1 1 0 1 0
1 0 1 1 0 0 1
1 0 1 1 2 4 2
0 0 1 0 0 0 0
0 0 1 0 0 0 0
1 0 1 0 1 0 0
0 0 1 0 0 0 1
0 0 1 1 0 0 1
0 0 1 0 0 0 0
0 0 1 0 0 0 0
0 0 1 0 0 0 0
0 0 1 0 0 1 0
0 0 1 0 4 2 1
0 0 1 1 0 0 0
0 0 1 0 0 0 0
1 0 1 0 0 0 0
1 0 1 0 0 0 0
0 0 1 0 0 3 0
1 0 1 1 3 3 0
1 0 1 0 0 0 0
0 1 0 0 0 1 0
0 1 0 0 0 3 1
0 1 0 0 0 1 1
0 1 0 1 1 0 1
0 1 0 1 0 0 1
0 1 0 2 1 1 0
0 1 0 0 0 4 6
0 1 0 0 0 2 1
1 1 0 3 2 6 1
0 1 0 0 0 1 0
1 1 0 0 2 1 0
1 1 0 0 1 3 3
0 1 0 3 2 2 2
1 1 0 0 1 4 2
1 1 0 0 0 0 0
1 1 0 0 0 6 1
1 1 0 0 1 1 0
1 1 0 0 0 0 0
0 1 0 1 0 2 0
0 1 0 0 1 1 2
0 1 0 0 0 0 0
1 1 0 0 1 0 1
1 1 0 3 0 0 0
1 1 0 0 0 0 0
1 1 0 0 0 0 0
0 0 1 1 1 1 1
0 0 1 2 1 0 1
0 0 1 0 0 0 0
1 0 1 0 0 0 0
1 0 1 0 0 0 0
0 0 1 2 0 0 2
0 0 1 0 0 0 0
1 0 1 0 0 0 0
1 0 1 0 0 5 0
1 0 1 2 0 0 0
1 0 1 0 0 0 1
0 0 1 0 1 1 2
0 0 1 0 0 0 0
0 0 1 0 1 1 2
0 0 1 4 4 2 2
0 0 1 1 3 0 0
0 0 1 0 0 0 0
0 0 1 2 0 0 0
0 0 1 1 1 2 1
0 0 1 1 4 2 1
0 0 1 1 0 0 0
0 0 1 0 0 2 1
0 0 1 1 0 1 0
1 0 1 0 4 0 0
1 0 1 1 1 3 1
0 0 1 0 0 0 0
0 0 1 0 1 0 0
0 0 1 0 1 1 0
0 0 1 0 0 2 1
0 0 1 1 2 3 2
0 0 1 7 10 8 4
0 0 1 0 1 0 0
1 0 1 0 0 1 2
1 0 1 0 1 1 3
0 0 1 0 0 0 0
0 0 1 0 0 0 0
0 0 1 0 0 0 0
0 0 1 0 0 0 1
1 0 1 0 0 0 0
0 0 1 0 0 0 0
0 0 1 0 0 1 1
1 0 1 0 0 0 0
1 0 1 0 0 0 0
1 0 1 0 0 0 0
0 0 1 0 0 0 0
0 0 1 0 1 0 1
0 0 1 0 0 0 1
1 0 1 1 0 0 0
1 0 1 0 0 0 0
1 0 1 1 0 0 1
0 0 1 1 0 2 1
0 0 1 0 0 0 0
1 0 1 0 0 0 0
1 0 1 0 0 0 0
1 0 1 0 0 0 0
1 0 1 0 0 0 0
1 0 1 0 0 0 0
1 0 1 0 0 0 0
1 0 1 0 0 0 0
0 0 1 1 3 0 0
0 0 1 2 2 4 3
0 0 1 0 0 0 0
0 0 1 1 1 0 0
0 0 1 0 0 0 2
1 0 1 1 3 2 4
0 0 1 0 0 0 0
0 0 1 0 0 0 1
0 0 1 1 0 1 0
1 0 1 0 1 1 0
0 0 1 0 0 0 0
0 0 1 0 0 0 0
0 0 1 0 0 1 1
0 0 1 0 0 0 0
0 0 1 1 0 0 0
0 0 1 0 0 0 0
1 0 1 0 0 0 0
1 0 1 1 0 0 1
1 0 1 1 1 0 1
1 0 1 0 0 0 1
1 0 1 0 0 0 0
1 0 1 0 0 0 0
1 0 1 0 2 2 0
0 0 1 1 1 6 4
0 0 1 1 0 2 3
0 0 1 1 2 3 5
0 0 1 6 2 5 1
0 0 1 2 4 3 2
0 0 1 0 2 2 1
1 0 1 0 0 0 2
1 0 1 0 0 0 0
0 0 1 0 1 0 0
0 0 1 1 1 1 0
0 0 1 0 0 0 0
0 0 1 0 0 0 0
0 0 1 3 0 4 3
0 0 1 0 4 4 3
1 0 1 0 0 0 0
1 0 1 1 0 0 0
1 0 1 0 0 0 0
1 0 1 1 1 0 1
1 0 1 0 0 2 1
1 0 1 0 6 7 2
0 0 1 0 0 0 0
1 0 1 0 0 0 0
1 0 1 1 1 0 2
0 0 1 0 2 0 0
0 0 1 0 0 1 1
1 0 1 0 0 0 2
0 0 1 0 3 0 0
1 0 1 0 0 0 0
1 0 1 0 0 0 0
0 0 1 0 2 2 2
0 0 1 0 0 0 0
0 0 1 0 0 0 1
1 0 1 1 1 1 0
0 0 1 1 0 1 2
0 0 1 6 3 4 2
0 0 1 3 3 3 1
0 0 1 1 0 0 0
0 0 1 1 3 2 0
0 0 1 1 0 0 0
0 0 0 0 0 0 2
1 0 0 0 0 0 0
1 0 0 0 0 0 0
0 0 0 3 3 4 1
1 0 0 0 2 1 5
1 0 0 0 0 0 1
1 0 0 0 0 0 0
0 0 0 0 0 0 0
0 0 0 2 0 0 0
0 0 0 2 3 0 4
1 0 0 0 1 0 1
0 0 0 1 1 0 1
0 0 0 2 1 0 0
0 0 0 0 0 0 0
0 0 0 0 0 0 0
1 0 0 1 0 0 0
1 0 0 0 0 0 0
0 0 0 0 0 0 0
0 0 0 0 1 6 3
0 0 0 1 1 0 0
1 0 0 0 0 0 0
0 0 0 0 4 2 1
0 0 0 3 4 2 2
0 0 0 0 0 0 0
1 0 0 1 0 0 0
1 0 0 0 0 0 0
1 0 0 1 0 0 0
0 0 0 4 2 3 1
1 0 0 0 1 0 0
0 0 0 0 0 0 0
0 0 0 4 0 2 0
0 0 0 2 0 1 0
0 0 0 0 1 0 0
0 0 0 6 0 1 2
1 0 0 1 0 0 0
1 0 0 0 0 0 0
1 0 0 0 0 0 0
0 0 0 1 1 4 0
0 0 0 3 3 2 1
0 0 0 1 0 0 0
0 0 0 3 2 3 3
0 0 0 4 2 1 0
0 0 0 1 1 6 0
0 0 0 8 12 10 6
1 0 0 0 4 5 2
0 0 0 1 2 3 2
0 0 0 5 5 11 7
0 0 0 3 3 1 1
0 0 0 6 2 7 11
1 0 0 1 2 4 3
