1	0	0	0	1	2	0	-999	-999
2	0	0	0	1	1	4	-999	-999
3	1	0	0	1	0	0	-999	-999
4	1	0	0	1	0	1	-999	-999
5	1	0	0	1	0	0	-999	-999
6	1	0	0	1	0	1	-999	-999
7	1	0	0	1	0	0	-999	-999
8	0	0	0	1	3	5	-999	-999
9	0	0	0	1	0	0	-999	-999
10	0	0	0	1	0	0	-999	-999
11	1	0	0	1	0	0	-999	-999
12	0	0	0	1	0	1	-999	-999
13	0	0	0	1	2	2	-999	-999
14	0	0	0	1	4	2	-999	-999
15	1	0	0	1	0	3	-999	-999
16	1	0	1	0	0	0	-999	-999
17	0	0	1	0	0	0	-999	-999
18	1	0	0	1	0	1	-999	-999
19	0	0	1	0	3	2	-999	-999
20	1	0	0	1	0	0	-999	-999
21	0	0	0	1	0	0	-999	-999
22	0	0	0	1	0	0	-999	-999
23	0	0	0	1	8	9	-999	-999
24	0	0	0	1	1	1	-999	-999
25	1	0	0	1	0	0	-999	-999
26	1	0	0	1	0	2	-999	-999
27	0	0	0	1	0	2	-999	-999
28	1	0	0	1	1	0	-999	-999
29	1	0	0	1	3	4	-999	-999
30	0	0	0	1	0	5	-999	-999
31	0	0	0	1	1	0	-999	-999
32	0	0	0	1	12	7	-999	-999
33	0	0	0	1	0	9	-999	-999
34	0	0	0	1	1	5	-999	-999
35	0	0	0	1	3	12	-999	-999
36	0	0	1	0	0	4	-999	-999
37	0	0	1	0	1	15	-999	-999
38	0	0	0	1	2	2	-999	-999
39	0	0	0	1	0	2	-999	-999
40	0	0	0	1	2	3	-999	-999
41	0	0	0	1	2	7	-999	-999
42	0	0	0	1	0	0	-999	-999
43	0	0	0	1	0	3	-999	-999
44	0	0	0	1	0	0	-999	-999
45	0	0	0	1	0	1	-999	-999
46	0	0	0	1	5	6	-999	-999
47	1	0	0	1	0	0	-999	-999
48	0	0	0	1	11	5	-999	-999
49	1	0	0	1	0	0	-999	-999
50	1	0	0	1	0	0	-999	-999
51	1	0	0	1	0	0	-999	-999
52	1	0	0	1	2	2	-999	-999
53	1	1	0	0	0	1	-999	-999
54	0	0	0	1	0	2	-999	-999
55	0	0	0	1	0	0	-999	-999
56	1	1	0	0	1	1	-999	-999
57	0	1	0	0	1	0	-999	-999
58	0	1	0	0	0	0	-999	-999
59	0	1	0	0	0	0	-999	-999
60	1	1	0	0	1	0	-999	-999
61	0	1	0	0	1	0	-999	-999
62	0	1	0	0	1	2	-999	-999
63	1	1	0	0	0	0	-999	-999
64	1	1	0	0	2	1	-999	-999
65	1	1	0	0	2	5	-999	-999
66	0	1	0	0	0	0	-999	-999
67	0	1	0	0	2	2	-999	-999
68	0	1	0	0	0	0	-999	-999
69	1	1	0	0	0	0	-999	-999
70	1	1	0	0	0	0	-999	-999
71	1	1	0	0	4	1	-999	-999
72	1	1	0	0	3	2	-999	-999
73	1	1	0	0	0	1	-999	-999
75	1	0	1	0	0	0	-999	-999
76	1	0	1	0	1	1	-999	-999
77	0	0	1	0	2	0	-999	-999
78	0	1	0	0	0	0	-999	-999
79	1	1	0	0	0	0	-999	-999
80	1	1	0	0	0	0	-999	-999
81	1	1	0	0	0	0	-999	-999
82	1	1	0	0	1	0	-999	-999
83	1	1	0	0	0	1	-999	-999
84	0	1	0	0	1	0	-999	-999
85	0	1	0	0	0	0	-999	-999
86	0	1	0	0	0	4	-999	-999
87	0	1	0	0	1	5	-999	-999
88	0	1	0	0	0	1	-999	-999
89	1	1	0	0	0	0	-999	-999
91	0	1	0	0	4	7	-999	-999
92	0	1	0	0	3	2	-999	-999
93	0	1	0	0	6	5	-999	-999
94	1	1	0	0	1	1	-999	-999
95	0	1	0	0	0	0	-999	-999
96	0	1	0	0	0	0	-999	-999
97	1	1	0	0	2	0	-999	-999
98	0	1	0	0	0	0	-999	-999
99	0	1	0	0	0	0	-999	-999
100	1	1	0	0	0	1	-999	-999
101	1	1	0	0	0	1	-999	-999
102	0	0	1	0	0	0	-999	-999
103	0	0	1	0	0	0	-999	-999
104	0	0	1	0	3	1	-999	-999
105	0	0	1	0	1	1	-999	-999
106	1	1	0	0	1	1	-999	-999
107	1	1	0	0	1	3	-999	-999
108	0	1	0	0	1	2	-999	-999
109	1	1	0	0	0	0	-999	-999
110	0	1	0	0	0	0	-999	-999
111	1	1	0	0	0	0	-999	-999
112	0	1	0	0	0	5	-999	-999
113	0	0	0	1	0	0	-999	-999
114	1	0	0	1	0	0	-999	-999
115	1	1	0	0	0	0	-999	-999
116	1	1	0	0	0	0	-999	-999
117	0	1	0	0	1	1	-999	-999
118	0	1	0	0	0	0	-999	-999
119	1	1	0	0	0	1	-999	-999
120	1	1	0	0	0	0	-999	-999
121	0	0	1	0	1	0	-999	-999
122	0	1	0	0	0	0	-999	-999
123	0	1	0	0	1	0	-999	-999
124	0	1	0	0	2	6	-999	-999
125	1	1	0	0	5	8	-999	-999
126	1	1	0	0	0	0	-999	-999
127	1	1	0	0	0	0	-999	-999
128	1	1	0	0	0	0	-999	-999
129	1	1	0	0	2	1	-999	-999
130	0	0	1	0	2	4	-999	-999
131	1	0	1	0	0	1	-999	-999
132	0	0	1	0	0	3	-999	-999
133	1	0	1	0	5	5	-999	-999
134	0	0	1	0	0	2	-999	-999
135	1	0	1	0	0	2	-999	-999
136	1	0	1	0	0	1	-999	-999
137	0	1	0	0	0	1	-999	-999
138	0	0	1	0	0	0	-999	-999
139	0	0	1	0	0	0	-999	-999
140	1	0	1	0	1	2	-999	-999
141	0	0	1	0	1	0	-999	-999
142	1	0	1	0	0	0	-999	-999
143	1	0	1	0	0	0	-999	-999
144	1	0	1	0	0	0	-999	-999
145	0	0	1	0	0	1	-999	-999
146	0	0	1	0	0	0	-999	-999
147	1	0	0	1	0	1	-999	-999
148	1	0	1	0	7	5	-999	-999
149	0	0	1	0	0	0	-999	-999
150	1	0	1	0	0	1	-999	-999
151	0	0	1	0	1	1	-999	-999
152	0	0	1	0	1	3	-999	-999
153	0	0	1	0	0	0	-999	-999
154	0	0	1	0	0	0	-999	-999
155	0	0	1	0	1	0	-999	-999
156	0	0	1	0	4	5	-999	-999
157	1	0	1	0	2	0	-999	-999
158	1	0	1	0	4	5	-999	-999
159	0	0	1	0	4	8	-999	-999
160	0	0	1	0	0	0	-999	-999
161	0	0	1	0	0	0	-999	-999
162	0	0	1	0	0	1	-999	-999
163	0	0	1	0	1	0	-999	-999
164	1	0	1	0	0	0	-999	-999
165	1	0	1	0	1	0	-999	-999
166	1	0	1	0	4	5	-999	-999
167	0	0	1	0	0	0	-999	-999
168	1	0	1	0	1	1	-999	-999
169	1	0	1	0	1	0	-999	-999
170	1	1	0	0	0	0	-999	-999
171	1	1	0	0	0	1	-999	-999
172	0	0	1	0	0	0	-999	-999
173	1	0	1	0	0	0	-999	-999
174	0	0	1	0	0	3	-999	-999
175	1	0	1	0	0	0	-999	-999
176	1	0	1	0	0	0	-999	-999
177	0	0	1	0	3	5	-999	-999
178	1	0	1	0	0	0	-999	-999
179	1	0	1	0	3	0	-999	-999
180	1	0	1	0	0	1	-999	-999
181	0	0	1	0	6	7	-999	-999
182	0	0	1	0	3	12	-999	-999
183	0	0	1	0	2	3	-999	-999
184	0	0	1	0	1	0	-999	-999
185	1	0	1	0	0	0	-999	-999
186	0	0	1	0	1	0	-999	-999
187	0	0	1	0	2	2	-999	-999
188	0	0	1	0	5	1	-999	-999
189	0	0	1	0	2	6	-999	-999
190	1	0	1	0	0	0	-999	-999
191	1	0	1	0	1	2	-999	-999
192	0	0	1	0	1	2	-999	-999
193	1	0	1	0	0	0	-999	-999
194	1	0	1	0	0	0	-999	-999
195	1	0	1	0	0	0	-999	-999
196	1	0	1	0	2	9	-999	-999
197	0	0	1	0	1	0	-999	-999
198	0	1	0	0	4	2	-999	-999
199	1	1	0	0	1	2	-999	-999
201	0	1	0	0	2	0	-999	-999
202	1	0	1	0	0	0	-999	-999
203	1	0	1	0	0	0	-999	-999
204	1	0	1	0	0	0	-999	-999
205	1	1	0	0	0	3	-999	-999
206	1	0	1	0	0	0	-999	-999
207	1	0	1	0	0	0	-999	-999
208	0	0	1	0	0	4	-999	-999
209	1	0	1	0	0	0	-999	-999
210	1	0	1	0	0	0	-999	-999
211	0	0	1	0	0	0	-999	-999
212	1	0	1	0	0	1	-999	-999
213	0	0	1	0	0	0	-999	-999
214	0	0	1	0	2	2	-999	-999
215	1	0	1	0	1	1	-999	-999
216	0	0	1	0	0	0	-999	-999
217	0	0	1	0	0	0	-999	-999
218	0	0	1	0	0	0	-999	-999
219	0	0	1	0	0	2	-999	-999
220	1	0	1	0	0	2	-999	-999
221	0	0	1	0	1	0	-999	-999
222	0	0	1	0	1	0	-999	-999
223	0	0	1	0	2	3	-999	-999
224	0	1	0	0	0	0	-999	-999
225	1	1	0	0	0	1	-999	-999
226	1	0	1	0	0	0	-999	-999
227	0	0	1	0	1	3	-999	-999
228	1	0	1	0	2	3	-999	-999
229	1	0	1	0	0	0	-999	-999
230	0	0	1	0	4	2	-999	-999
231	1	0	1	0	0	0	-999	-999
232	0	0	0	1	1	2	-999	-999
233	1	0	0	1	0	0	-999	-999
234	0	0	0	1	4	3	-999	-999
235	1	0	0	1	0	0	-999	-999
236	1	0	0	1	0	0	-999	-999
237	0	0	0	1	1	1	-999	-999
238	0	0	0	1	0	2	-999	-999
239	1	0	0	1	0	0	-999	-999
240	0	0	0	1	1	2	-999	-999
241	0	0	0	1	0	0	-999	-999
242	1	0	0	1	0	0	-999	-999
243	0	0	0	1	1	0	-999	-999
244	0	0	0	1	1	0	-999	-999
245	1	0	0	1	1	0	-999	-999
246	1	0	0	1	0	1	-999	-999
247	0	0	0	1	0	0	-999	-999
248	0	0	0	1	0	2	-999	-999
249	0	0	0	1	1	0	-999	-999
250	1	1	0	0	0	0	-999	-999
251	0	1	0	0	1	0	-999	-999
252	0	1	0	0	0	0	-999	-999
253	0	1	0	0	0	0	-999	-999
254	1	0	1	0	3	7	-999	-999
255	1	0	1	0	0	0	-999	-999
256	1	0	1	0	2	2	-999	-999
257	1	0	1	0	0	0	-999	-999
258	1	0	1	0	1	1	-999	-999
259	0	0	1	0	1	3	3	-999
260	1	0	1	0	0	0	0	-999
261	1	0	1	0	0	0	0	-999
262	0	0	1	0	-999	0	0	-999
263	1	0	1	0	0	0	0	-999
264	0	0	1	0	0	1	0	-999
265	0	0	1	0	0	0	1	-999
266	1	0	1	0	0	1	0	-999
267	0	0	1	0	1	1	1	-999
268	1	0	1	0	0	0	-999	-999
269	1	0	1	0	0	0	2	-999
270	1	0	1	0	0	1	4	-999
271	1	0	1	0	0	1	1	-999
272	0	1	0	0	0	0	0	-999
273	0	1	0	0	-999	0	1	-999
274	1	1	0	0	-999	1	0	-999
275	0	0	1	0	2	1	0	-999
276	0	0	1	0	0	0	2	-999
277	1	0	1	0	0	0	1	-999
278	0	0	1	0	0	0	0	-999
279	1	0	1	0	0	0	0	-999
280	1	0	1	0	0	0	0	-999
281	0	0	1	0	1	0	0	-999
282	0	0	1	0	0	0	1	-999
283	1	0	1	0	6	3	2	-999
284	1	0	1	0	0	0	0	-999
285	0	1	0	0	-999	4	4	-999
286	0	0	1	0	0	0	2	-999
287	1	1	0	0	-999	3	2	-999
288	1	1	0	0	-999	0	5	-999
289	1	0	1	0	0	0	0	-999
290	1	0	1	0	-999	1	0	-999
291	1	0	1	0	0	0	0	-999
292	0	0	1	0	2	2	3	-999
293	0	0	1	0	-999	5	11	-999
294	0	0	1	0	0	-999	0	-999
295	0	0	1	0	3	3	3	-999
296	1	0	0	1	-999	4	5	-999
297	0	0	0	1	-999	0	0	-999
298	0	1	0	0	0	-999	1	-999
299	0	0	1	0	0	0	0	-999
300	0	1	0	0	0	3	2	-999
301	0	1	0	0	-999	8	3	-999
302	0	1	0	0	1	4	1	-999
303	1	1	0	0	5	3	0	-999
304	0	0	0	1	-999	0	0	-999
305	0	0	0	1	0	0	12	-999
306	0	0	0	1	-999	7	13	-999
307	0	0	0	1	-999	0	0	-999
308	0	0	0	1	2	0	1	-999
309	1	0	0	1	2	0	2	-999
310	1	0	0	1	-999	1	0	-999
311	0	1	0	0	-999	1	1	-999
312	1	0	0	1	0	0	0	-999
313	0	0	0	1	0	0	1	-999
314	0	0	0	1	4	5	4	-999
315	0	0	0	1	-999	12	14	-999
316	0	0	0	1	-999	9	6	-999
317	0	0	0	1	-999	0	0	-999
318	0	0	0	1	-999	0	1	-999
319	0	0	0	1	0	1	0	-999
320	0	1	0	0	4	7	4	-999
321	1	1	0	0	-999	7	4	-999
322	0	1	0	0	-999	0	0	-999
323	1	1	0	0	-999	0	0	-999
324	0	0	1	0	0	0	0	-999
325	1	0	1	0	-999	4	5	-999
326	1	1	0	0	-999	0	1	-999
327	1	0	1	0	0	0	0	-999
328	1	0	1	0	0	0	0	-999
329	1	0	1	0	1	0	4	-999
330	1	0	1	0	-999	1	2	-999
331	0	1	0	0	-999	1	0	-999
332	1	0	1	0	0	3	2	-999
333	1	0	1	0	1	0	0	-999
334	1	0	1	0	-999	2	1	-999
335	0	0	1	0	-999	2	1	-999
336	0	0	1	0	0	1	0	-999
337	0	1	0	0	-999	4	1	-999
338	0	1	0	0	0	0	0	-999
339	0	1	0	0	0	0	0	-999
340	0	1	0	0	2	0	1	-999
341	1	1	0	0	0	0	3	-999
342	0	1	0	0	0	0	0	-999
343	0	1	0	0	0	-999	0	-999
344	0	1	0	0	0	1	1	-999
345	0	1	0	0	1	0	0	-999
346	1	1	0	0	0	0	0	-999
347	1	1	0	0	-999	0	0	-999
349	1	1	0	0	-999	0	0	-999
350	0	1	0	0	0	1	3	-999
351	1	1	0	0	0	0	0	-999
352	0	0	0	1	0	-999	11	-999
353	0	1	0	0	0	0	5	-999
354	1	1	0	0	1	1	4	-999
355	1	0	1	0	0	-999	0	-999
356	1	0	1	0	0	-999	1	-999
357	1	0	1	0	0	1	0	-999
358	1	0	1	0	0	-999	0	-999
359	1	0	1	0	0	0	0	-999
360	1	0	1	0	-999	0	2	-999
361	1	0	1	0	0	0	0	-999
362	1	0	1	0	0	0	1	-999
363	1	0	1	0	0	0	0	-999
364	1	0	1	0	-999	0	0	-999
365	1	0	1	0	-999	2	1	-999
366	0	1	0	0	-999	3	8	-999
367	1	1	0	0	0	0	0	-999
368	0	1	0	0	-999	1	3	-999
369	0	1	0	0	0	0	1	-999
370	1	1	0	0	-999	1	2	-999
371	0	1	0	0	-999	3	3	-999
372	1	1	0	0	3	2	1	-999
373	1	1	0	0	0	0	0	-999
374	0	1	0	0	0	0	1	-999
375	0	1	0	0	-999	0	3	-999
376	0	1	0	0	0	0	0	-999
377	1	1	0	0	-999	1	0	-999
378	1	1	0	0	9	0	0	-999
379	1	1	0	0	0	0	0	-999
380	1	1	0	0	0	0	1	-999
381	1	1	0	0	0	1	0	-999
382	1	0	1	0	-999	1	3	-999
383	1	0	1	0	0	0	0	-999
384	0	0	1	0	-999	0	1	-999
385	0	0	1	0	3	1	4	-999
386	0	0	1	0	-999	5	5	-999
387	0	0	1	0	1	1	3	-999
388	0	1	0	0	0	-999	3	-999
389	0	1	0	0	0	2	6	-999
390	1	1	0	0	-999	0	0	-999
391	0	1	0	0	-999	0	4	-999
392	0	0	1	0	-999	5	4	-999
393	0	0	1	0	-999	4	4	-999
394	0	0	1	0	0	0	0	-999
395	1	0	1	0	0	0	0	-999
396	0	0	0	1	0	-999	0	-999
397	1	1	0	0	0	3	1	-999
398	0	0	1	0	-999	0	0	-999
399	0	0	1	0	0	0	-999	-999
400	0	0	1	0	0	1	4	-999
401	0	0	1	0	3	2	0	-999
402	1	0	1	0	0	1	0	-999
403	1	1	0	0	-999	0	5	-999
404	1	1	0	0	0	0	0	-999
405	1	1	0	0	0	0	1	-999
406	1	0	1	0	1	0	0	-999
407	0	0	1	0	-999	0	0	-999
408	0	0	1	0	2	1	3	-999
409	0	0	1	0	1	1	2	-999
410	0	0	1	0	0	0	0	-999
411	0	0	1	0	1	0	0	-999
412	0	0	1	0	0	0	0	-999
413	0	0	1	0	-999	1	2	-999
414	0	0	1	0	0	8	8	-999
415	1	0	1	0	0	0	0	-999
416	1	0	1	0	-999	2	2	-999
417	1	0	1	0	0	2	2	-999
418	1	0	0	1	-999	1	2	-999
419	0	0	0	1	0	3	3	-999
420	0	0	0	1	0	0	0	-999
421	0	0	0	1	0	0	0	-999
422	0	0	0	1	1	-999	0	-999
423	0	1	0	0	1	1	1	-999
424	0	1	0	0	-999	0	0	-999
425	0	1	0	0	-999	1	5	-999
426	0	1	0	0	-999	3	3	-999
427	1	0	1	0	0	-999	0	-999
428	0	0	0	1	1	2	5	-999
429	1	0	0	1	0	0	3	-999
430	0	0	0	1	0	11	4	-999
431	0	0	0	1	0	0	7	-999
432	0	0	0	1	3	4	4	-999
433	0	0	0	1	0	0	1	-999
434	0	0	0	1	0	0	1	-999
435	0	0	0	1	5	1	4	-999
436	0	0	1	0	0	0	1	-999
437	1	0	0	1	0	0	11	-999
438	1	0	1	0	0	0	0	-999
439	1	0	1	0	0	0	1	-999
440	1	0	0	1	0	1	0	-999
441	1	0	0	1	0	2	3	-999
442	1	0	1	0	0	0	0	-999
443	0	1	0	0	-999	10	10	-999
444	0	0	0	1	1	0	0	-999
445	1	0	1	0	-999	0	2	-999
446	1	0	0	1	0	0	0	-999
447	0	0	0	1	0	0	2	-999
448	1	0	1	0	0	0	0	-999
449	1	0	1	0	0	0	1	-999
450	1	0	1	0	-999	0	1	-999
451	0	0	0	1	-999	1	0	-999
452	1	0	1	0	0	0	-999	-999
453	0	0	0	1	0	5	-999	-999
454	1	0	0	1	0	0	1	-999
455	1	0	0	1	1	5	3	-999
456	0	0	0	1	-999	4	6	-999
457	0	0	0	1	-999	7	6	-999
458	0	0	0	1	3	2	1	-999
459	0	0	0	1	0	4	1	-999
461	0	0	0	1	1	2	0	-999
462	1	1	0	0	0	0	0	-999
463	0	0	0	1	-999	1	0	-999
464	0	1	0	0	-999	0	9	-999
465	0	0	0	1	0	3	-999	-999
466	1	0	0	1	-999	0	0	-999
467	0	1	0	0	0	2	3	-999
468	0	1	0	0	-999	8	6	-999
469	0	1	0	0	0	1	0	-999
470	0	1	0	0	5	-999	2	-999
471	0	0	0	1	-999	4	3	-999
472	0	0	0	1	1	0	2	-999
473	0	0	0	1	-999	8	4	-999
474	0	0	0	1	2	0	1	-999
475	0	0	0	1	-999	3	5	-999
476	1	1	0	0	0	0	0	-999
477	0	0	0	1	-999	4	3	-999
478	0	0	0	1	1	3	1	-999
479	1	1	0	0	0	0	0	-999
480	0	1	0	0	-999	0	2	-999
482	0	1	0	0	3	6	5	-999
483	0	0	0	1	0	1	4	-999
484	0	0	0	1	-999	1	2	-999
485	0	1	0	0	-999	12	9	-999
486	0	0	0	1	-999	3	6	-999
487	0	0	0	1	4	3	1	-999
488	1	1	0	0	-999	2	3	-999
489	0	1	0	0	2	2	7	-999
490	0	0	1	0	0	0	0	-999
491	1	0	1	0	0	0	0	-999
492	0	0	1	0	0	0	0	-999
493	1	0	1	0	0	0	4	-999
494	1	0	1	0	0	0	0	-999
495	1	0	1	0	0	0	0	-999
496	1	0	1	0	0	0	0	-999
497	0	0	1	0	3	2	1	-999
498	0	0	1	0	0	0	4	-999
499	1	0	1	0	0	0	1	-999
500	0	0	1	0	0	1	1	-999
501	0	0	1	0	0	0	2	-999
502	0	0	1	0	0	0	0	-999
503	0	1	0	0	2	6	5	-999
504	0	1	0	0	-999	3	14	-999
505	1	1	0	0	0	0	0	-999
506	0	1	0	0	1	0	0	-999
507	0	1	0	0	0	0	0	-999
508	0	1	0	0	0	0	-999	-999
509	1	1	0	0	0	0	0	-999
510	0	1	0	0	1	4	2	-999
511	0	1	0	0	-999	0	0	-999
512	0	1	0	0	0	4	2	-999
513	0	1	0	0	-999	1	0	-999
514	0	1	0	0	-999	2	0	-999
515	1	1	0	0	0	0	1	-999
516	1	1	0	0	0	0	0	-999
517	1	0	0	1	0	0	0	-999
518	0	0	0	1	-999	0	0	-999
520	1	0	0	1	-999	1	1	-999
521	0	1	0	0	-999	0	1	-999
522	0	0	0	1	-999	4	1	-999
523	0	1	0	0	0	0	0	-999
524	1	1	0	0	-999	1	1	-999
525	0	1	0	0	0	1	8	-999
526	0	1	0	0	0	0	0	-999
527	1	1	0	0	0	0	0	-999
528	1	1	0	0	-999	4	5	-999
529	1	1	0	0	-999	2	5	-999
530	0	0	0	1	-999	2	1	-999
531	0	0	0	1	0	4	2	-999
532	1	0	0	1	0	1	2	-999
533	0	1	0	0	-999	4	4	-999
534	1	1	0	0	0	0	0	-999
535	1	1	0	0	3	1	1	-999
536	1	0	0	1	0	2	0	-999
537	1	0	0	1	-999	0	0	-999
538	1	0	0	1	-999	0	0	-999
539	1	0	0	1	-999	0	0	-999
540	0	0	0	1	2	13	0	-999
541	0	0	0	1	0	1	0	-999
542	0	0	0	1	0	1	0	-999
543	0	0	0	1	0	1	3	-999
544	1	0	0	1	-999	0	1	-999
545	1	0	0	1	-999	0	0	-999
546	1	0	0	1	2	-999	1	-999
547	0	0	0	1	0	3	2	-999
548	0	0	0	1	-999	1	2	-999
549	0	0	0	1	-999	0	0	-999
550	0	0	1	0	0	-999	1	-999
551	1	0	1	0	0	0	0	-999
552	0	0	1	0	1	-999	1	-999
553	0	1	0	0	-999	5	5	-999
554	1	1	0	0	0	1	1	-999
555	0	0	1	0	-999	6	2	-999
556	0	0	1	0	2	6	8	-999
557	0	0	1	0	5	-999	3	-999
558	0	0	1	0	-999	7	7	-999
559	0	0	0	1	0	0	3	-999
561	0	0	0	1	3	5	10	-999
562	0	0	0	1	1	3	6	-999
563	1	0	1	0	0	-999	0	-999
564	0	0	0	1	-999	4	1	-999
565	1	0	0	1	2	0	0	-999
566	1	0	0	1	-999	0	0	-999
567	0	0	0	1	-999	0	0	-999
568	0	0	0	1	4	9	3	-999
569	0	0	0	1	-999	0	0	-999
570	1	0	0	1	-999	4	4	-999
571	0	0	0	1	-999	1	2	-999
572	0	0	0	1	-999	10	10	-999
573	0	0	0	1	0	1	-999	-999
574	0	0	0	1	3	4	1	-999
575	1	0	0	1	-999	0	0	-999
576	0	0	0	1	-999	0	0	-999
577	0	0	0	1	0	0	-999	-999
578	1	0	0	1	-999	0	0	-999
579	1	0	0	1	0	0	0	-999
580	1	0	0	1	-999	1	0	-999
581	0	0	0	1	1	1	2	-999
582	0	0	0	1	0	6	3	4
583	0	0	0	1	1	3	1	2
584	0	0	0	1	-999	4	6	5
585	1	0	0	1	-999	7	2	1
586	1	0	0	1	3	5	2	4
587	0	0	0	1	2	3	0	0
588	1	0	0	1	1	1	1	0
589	1	0	0	1	0	0	4	2
590	1	0	0	1	0	0	0	0
591	1	0	0	1	0	1	0	0
592	1	1	0	0	-999	-999	1	1
593	1	1	0	0	0	0	0	0
594	1	1	0	0	3	6	4	5
595	1	1	0	0	-999	1	2	1
596	0	1	0	0	0	0	0	0
597	0	1	0	0	0	0	0	0
598	1	1	0	0	1	2	1	2
599	0	1	0	0	1	3	0	2
600	0	1	0	0	0	1	0	3
601	0	1	0	0	0	0	2	0
602	0	1	0	0	-999	-999	0	0
603	0	1	0	0	0	0	0	0
604	0	1	0	0	-999	-999	2	0
605	1	1	0	0	0	0	0	0
606	1	1	0	0	0	0	1	0
607	1	1	0	0	0	0	0	0
608	0	1	0	0	-999	0	0	0
609	0	1	0	0	-999	4	3	2
610	0	1	0	0	-999	0	1	3
611	0	1	0	0	5	6	10	7
612	0	1	0	0	4	4	0	3
613	0	1	0	0	0	0	0	5
614	1	1	0	0	1	0	1	0
615	1	1	0	0	0	0	1	0
616	1	1	0	0	-999	3	4	2
617	1	1	0	0	-999	-999	0	1
618	0	1	0	0	-999	0	0	0
619	1	1	0	0	-999	0	0	0
620	1	1	0	0	-999	0	0	0
621	0	1	0	0	-999	-999	3	1
622	1	1	0	0	-999	10	-999	1
623	0	0	1	0	-999	-999	1	1
624	0	1	0	0	-999	5	8	1
625	0	1	0	0	-999	-999	0	2
626	0	1	0	0	-999	-999	10	6
627	0	1	0	0	0	0	0	0
628	0	1	0	0	0	0	0	0
629	1	1	0	0	0	1	1	0
630	1	1	0	0	1	1	1	1
631	1	1	0	0	-999	5	7	2
632	1	1	0	0	1	0	0	0
633	0	1	0	0	0	0	0	0
634	1	1	0	0	1	1	1	0
635	0	1	0	0	-999	0	0	0
636	0	1	0	0	-999	-999	2	0
637	0	1	0	0	1	-999	-999	10
638	0	1	0	0	-999	-999	3	5
639	0	1	0	0	2	5	4	4
640	1	0	1	0	-999	1	0	0
641	0	0	1	0	0	0	1	0
642	0	0	1	0	0	0	0	0
643	1	0	1	0	0	0	0	0
644	1	0	1	0	0	2	0	0
645	0	0	1	0	-999	0	0	0
646	0	0	1	0	0	0	0	0
647	0	0	1	0	-999	-999	0	2
648	0	0	1	0	0	0	0	0
649	0	0	1	0	-999	-999	2	2
650	0	0	1	0	7	5	9	7
651	0	0	1	0	0	0	0	0
652	0	0	1	0	0	0	0	0
653	1	0	1	0	0	0	0	1
654	1	0	1	0	0	0	0	0
655	1	0	1	0	1	0	0	1
656	1	0	1	0	-999	0	0	0
657	1	0	1	0	0	0	0	0
658	1	0	1	0	0	1	1	0
659	1	0	1	0	0	0	0	0
660	1	0	1	0	0	0	0	0
661	1	0	1	0	0	0	0	0
662	1	0	1	0	1	0	0	0
663	1	0	1	0	0	0	0	0
664	1	0	1	0	0	0	0	0
665	1	0	1	0	0	-999	-999	0
666	1	0	1	0	-999	-999	0	1
667	1	0	1	0	0	0	0	0
668	1	0	1	0	0	0	0	0
669	1	0	1	0	0	0	0	0
670	1	0	1	0	0	0	0	0
671	1	0	1	0	-999	0	-999	0
672	1	0	1	0	-999	0	-999	0
673	1	0	1	0	-999	-999	7	1
674	1	0	1	0	-999	0	0	0
675	1	0	1	0	-999	0	1	0
676	1	0	1	0	0	0	0	0
677	1	0	1	0	0	0	0	0
678	1	0	1	0	0	0	0	0
679	1	0	1	0	0	-999	0	0
680	1	0	1	0	-999	-999	1	1
681	1	0	1	0	0	0	0	0
682	1	0	1	0	-999	-999	0	0
683	1	0	1	0	0	0	0	0
684	1	0	1	0	0	-999	0	0
685	1	0	1	0	0	0	0	0
686	1	0	1	0	0	0	0	0
687	1	0	1	0	0	0	0	0
688	1	0	1	0	1	2	0	0
689	0	0	1	0	-999	-999	2	0
690	0	0	1	0	0	0	0	0
691	0	0	1	0	0	0	0	0
692	0	0	1	0	0	0	0	0
693	0	0	1	0	0	0	0	0
694	0	0	1	0	0	0	0	0
695	0	0	1	0	-999	0	0	0
696	0	0	1	0	0	-999	0	0
697	1	0	1	0	0	0	0	0
698	1	0	1	0	-999	-999	0	0
699	1	0	1	0	0	0	4	2
700	0	0	1	0	-999	5	-999	0
701	0	0	1	0	-999	-999	0	0
702	0	0	1	0	0	0	0	0
703	1	0	1	0	2	1	0	1
704	1	0	1	0	0	0	0	0
705	1	0	1	0	0	0	1	1
706	0	0	1	0	1	1	2	4
707	0	0	1	0	-999	0	0	0
708	0	0	1	0	0	0	0	0
709	1	0	1	0	1	0	1	1
710	1	0	1	0	0	0	0	0
711	0	0	0	1	-999	0	0	1
712	0	0	0	1	-999	0	0	0
713	0	0	0	1	-999	-999	2	0
714	1	0	0	1	-999	0	2	2
716	1	0	0	1	-999	1	0	0
717	1	0	0	1	-999	-999	3	0
718	0	0	0	1	-999	-999	7	0
719	0	0	0	1	-999	-999	3	2
720	1	0	0	1	0	0	0	0
721	1	0	0	1	0	0	0	0
722	0	0	0	1	-999	5	6	3
723	0	0	0	1	-999	2	0	5
725	1	0	1	0	-999	0	0	0
726	1	0	1	0	-999	0	0	0
727	0	0	1	0	-999	-999	3	2
728	0	0	1	0	-999	8	8	5
729	1	0	1	0	0	0	0	0
730	1	0	1	0	-999	-999	1	0
731	0	0	1	0	-999	-999	3	3
732	1	0	1	0	0	0	0	0
733	1	0	1	0	0	-999	-999	2
734	1	0	1	0	-999	-999	0	1
735	1	0	1	0	0	0	0	0
736	1	0	1	0	0	0	0	0
737	1	0	1	0	0	0	0	0
738	0	0	1	0	-999	1	0	1
739	1	0	1	0	0	-999	0	0
740	0	0	1	0	-999	-999	0	0
741	0	0	1	0	0	1	0	1
742	0	0	1	0	-999	0	0	0
743	0	0	1	0	-999	-999	0	0
744	0	0	1	0	-999	2	0	0
745	0	0	1	0	2	1	1	1
746	0	0	1	0	6	1	-999	-999
747	0	0	1	0	-999	-999	3	1
748	0	0	1	0	0	0	0	0
749	0	0	1	0	1	0	2	2
750	1	0	1	0	0	0	0	0
751	0	0	1	0	0	0	0	1
752	1	0	1	0	-999	-999	1	1
753	1	0	1	0	-999	-999	3	3
754	1	0	1	0	0	0	0	0
755	1	0	1	0	0	0	1	3
756	0	0	1	0	-999	0	1	1
757	0	0	1	0	0	0	1	0
758	0	0	1	0	0	1	2	0
759	0	0	1	0	0	0	0	0
760	0	0	1	0	0	0	0	0
761	0	0	1	0	0	0	0	0
762	0	0	1	0	-999	-999	0	0
763	0	1	0	0	0	0	0	0
764	1	1	0	0	0	0	0	0
765	1	1	0	0	1	0	0	0
766	1	1	0	0	0	1	0	0
767	1	1	0	0	-999	0	0	0
768	0	1	0	0	-999	-999	2	3
769	1	1	0	0	0	0	0	0
770	0	1	0	0	-999	0	1	1
771	0	1	0	0	1	-999	-999	1
772	1	1	0	0	-999	0	0	0
773	1	1	0	0	-999	-999	0	0
774	1	1	0	0	-999	1	0	0
775	0	1	0	0	-999	6	4	5
776	0	1	0	0	3	4	7	8
777	1	1	0	0	1	0	1	0
778	1	1	0	0	-999	0	0	0
779	1	1	0	0	0	0	0	0
780	0	1	0	0	0	0	0	1
781	0	1	0	0	0	0	0	0
782	0	1	0	0	-999	0	0	0
783	0	1	0	0	0	0	0	0
784	0	1	0	0	-999	-999	0	2
785	0	0	0	1	-999	-999	0	0
786	1	0	0	1	1	0	1	1
787	1	0	0	1	-999	2	3	1
788	1	0	0	1	5	0	3	3
789	0	0	0	1	0	0	0	0
790	0	0	0	1	0	0	0	1
791	0	0	0	1	-999	-999	7	7
793	0	0	0	1	-999	-999	6	2
794	0	0	0	1	-999	-999	1	2
795	1	0	0	1	0	0	0	0
796	1	0	0	1	0	0	0	0
797	1	0	0	1	0	-999	-999	1
798	0	0	0	1	1	-999	-999	3
799	0	0	0	1	-999	5	-999	2
800	0	0	0	1	1	0	3	2
801	1	0	1	0	-999	1	0	0
802	1	0	1	0	-999	-999	0	0
803	1	0	1	0	-999	-999	0	1
804	1	0	1	0	-999	-999	0	0
805	1	0	1	0	0	0	0	1
806	0	0	1	0	0	1	1	1
807	1	0	1	0	1	0	0	0
808	1	0	1	0	0	1	0	0
809	0	0	1	0	0	-999	0	1
810	1	0	1	0	-999	1	4	2
811	1	0	1	0	1	1	1	1
812	1	0	1	0	0	0	0	2
813	1	0	1	0	0	0	0	0
814	1	0	1	0	0	0	0	0
815	1	0	1	0	0	0	0	0
816	1	0	1	0	-999	0	0	0
817	1	0	1	0	0	0	0	0
818	0	0	1	0	-999	-999	1	0
819	0	0	1	0	0	0	0	0
820	0	0	1	0	0	0	0	0
821	0	0	1	0	-999	-999	0	0
822	0	0	1	0	0	0	0	0
823	0	0	1	0	-999	-999	2	0
824	0	0	1	0	0	0	0	0
825	0	0	1	0	2	-999	-999	4
826	0	0	1	0	0	0	0	0
827	0	0	1	0	0	0	0	0
828	1	1	0	0	1	0	0	0
829	1	1	0	0	0	0	0	0
830	1	1	0	0	-999	0	0	0
831	0	1	0	0	-999	-999	0	0
832	0	1	0	0	1	3	6	5
833	1	1	0	0	-999	0	0	0
834	1	1	0	0	0	0	0	0
835	0	1	0	0	0	0	1	1
836	0	1	0	0	0	0	0	0
837	0	1	0	0	0	1	2	1
838	0	1	0	0	0	0	0	0
839	1	1	0	0	0	0	0	0
840	0	1	0	0	0	4	3	2
841	0	1	0	0	-999	-999	0	0
842	1	1	0	0	-999	2	5	1
843	0	1	0	0	4	3	0	0
844	0	1	0	0	-999	3	-999	0
845	0	0	0	1	-999	-999	0	0
846	0	0	0	1	-999	-999	0	0
847	1	0	0	1	0	0	0	0
848	1	0	0	1	0	1	1	0
849	0	0	0	1	-999	0	2	4
850	0	0	0	1	-999	2	6	3
851	1	0	0	1	-999	-999	0	2
852	1	0	0	1	-999	-999	0	0
853	1	0	0	1	-999	-999	0	0
854	1	0	0	1	1	0	0	4
855	1	0	0	1	0	0	0	5
856	1	0	0	1	2	-999	1	1
857	1	0	0	1	-999	-999	1	2
858	0	0	0	1	0	2	1	2
859	0	0	0	1	0	0	5	2
860	0	0	0	1	-999	0	0	0
861	1	0	0	1	1	6	5	2
862	0	0	0	1	0	1	0	0
863	0	0	0	1	0	0	2	1
864	1	0	0	1	1	0	0	0
865	1	0	0	1	0	1	3	0
866	0	0	1	0	-999	2	-999	1
867	1	0	0	1	0	0	1	0
868	1	0	0	1	0	4	1	0
869	1	1	0	0	0	0	1	0
870	1	0	0	1	-999	1	2	0
871	1	0	0	1	-999	-999	0	0
872	0	0	0	1	6	3	3	4
873	0	1	0	0	5	-999	3	4
874	1	0	0	1	0	0	1	1
875	1	0	0	1	-999	8	2	1
876	0	0	0	1	-999	0	0	5
877	0	0	0	1	0	1	0	3
878	1	0	0	1	0	-999	-999	0
879	0	1	0	0	-999	-999	1	0
880	0	1	0	0	1	0	0	0
881	0	1	0	0	3	4	3	0
882	1	1	0	0	0	0	1	0
883	1	1	0	0	-999	0	0	0
884	0	1	0	0	2	0	0	0
885	0	1	0	0	-999	-999	3	1
886	0	1	0	0	0	1	0	0
887	0	1	0	0	0	1	1	1
888	1	1	0	0	-999	-999	2	1
889	0	1	0	0	-999	-999	8	5
890	1	1	0	0	-999	-999	0	0
891	1	0	1	0	0	0	1	0
892	0	1	0	0	1	0	0	0
893	1	1	0	0	0	0	0	0
894	1	1	0	0	0	0	0	0
895	0	1	0	0	1	6	1	4
896	1	1	0	0	-999	-999	0	0
897	1	1	0	0	-999	2	1	1
898	1	1	0	0	0	0	0	0
899	1	1	0	0	1	0	1	0
900	1	0	0	1	-999	4	4	4
901	0	0	0	1	0	-999	-999	1
902	0	0	0	1	-999	2	3	2
903	1	0	0	1	0	1	0	0
904	1	0	0	1	-999	-999	2	1
905	1	0	0	1	1	1	2	1
906	1	0	0	1	-999	1	8	3
907	0	0	0	1	0	0	0	0
908	0	0	0	1	-999	-999	15	2
909	0	0	0	1	1	5	13	11
910	0	0	0	1	-999	-999	0	1
911	0	0	0	1	-999	-999	0	0
912	1	0	0	1	-999	-999	1	2
913	1	1	0	0	-999	1	0	0
914	1	0	1	0	0	1	1	1
915	1	1	0	0	0	0	0	0
916	1	1	0	0	-999	-999	0	0
917	1	1	0	0	0	0	0	0
918	1	1	0	0	0	0	0	0
919	0	1	0	0	-999	-999	9	7
920	1	1	0	0	0	0	3	2
921	0	1	0	0	-999	6	6	6
922	0	1	0	0	-999	0	0	0
923	0	1	0	0	0	5	1	0
924	1	1	0	0	-999	-999	0	0
925	0	1	0	0	0	1	2	1
926	0	1	0	0	0	0	0	0
927	0	1	0	0	-999	-999	3	2
928	0	1	0	0	0	1	1	1
929	0	1	0	0	3	1	0	0
930	0	1	0	0	1	1	3	3
931	1	1	0	0	0	0	3	0
932	1	1	0	0	0	0	0	0
933	0	1	0	0	0	-999	-999	0
934	0	1	0	0	1	7	11	5
935	0	0	1	0	0	1	0	2
936	0	0	1	0	-999	14	0	0
937	1	0	1	0	0	0	0	0
938	1	0	1	0	0	0	0	0
939	1	0	1	0	0	0	0	0
940	0	0	1	0	7	7	3	3
941	0	0	1	0	-999	-999	2	2
942	0	0	1	0	-999	2	1	1
943	1	1	0	0	-999	-999	0	1
944	1	0	1	0	-999	0	0	0
945	1	0	1	0	2	1	2	2
946	1	0	1	0	0	0	0	1
947	1	0	1	0	0	0	0	0
948	0	0	1	0	-999	-999	1	0
949	0	0	1	0	0	1	0	0
950	1	0	1	0	0	1	1	0
952	0	0	0	1	-999	1	2	6
953	0	0	0	1	-999	-999	6	6
954	0	0	0	1	5	8	5	5
955	0	0	0	1	3	3	6	2
956	0	1	0	0	1	0	2	1
957	0	1	0	0	2	-999	0	0
958	0	1	0	0	8	1	0	0
959	0	1	0	0	-999	-999	1	1
960	0	1	0	0	0	0	0	0
961	0	1	0	0	0	0	0	0
962	0	1	0	0	-999	-999	2	2
963	0	1	0	0	-999	-999	6	3
964	1	1	0	0	0	0	0	0
965	1	1	0	0	0	0	0	0
966	0	1	0	0	-999	-999	8	3
967	1	1	0	0	-999	0	0	0
968	1	1	0	0	-999	0	0	0
969	1	1	0	0	-999	0	1	1
970	0	1	0	0	3	2	1	1
971	1	1	0	0	-999	2	0	0
972	1	1	0	0	0	-999	-999	1
973	1	1	0	0	0	0	0	0
974	1	1	0	0	0	0	0	0
975	1	1	0	0	0	-999	0	0
976	1	1	0	0	-999	-999	2	3
977	1	1	0	0	0	2	2	1
978	1	1	0	0	-999	3	0	1
979	0	1	0	0	-999	-999	2	2
980	1	1	0	0	-999	-999	2	2
981	1	1	0	0	2	2	1	1
982	0	1	0	0	-999	-999	7	3
983	1	1	0	0	2	1	1	1
984	0	1	0	0	3	-999	-999	8
985	0	1	0	0	-999	-999	5	3
986	0	1	0	0	0	0	1	0
987	0	1	0	0	0	0	0	0
988	0	1	0	0	0	7	2	1
989	0	1	0	0	0	0	0	0
990	0	1	0	0	-999	-999	11	6
991	0	1	0	0	-999	-999	3	1
992	0	1	0	0	3	0	1	2
993	0	1	0	0	0	1	2	2
994	0	1	0	0	0	1	1	1
995	0	0	1	0	0	-999	0	0
996	0	1	0	0	-999	0	0	0
997	1	0	0	1	0	0	1	0
998	1	0	0	1	0	0	0	0
999	1	0	0	1	0	0	0	0
1000	1	0	0	1	-999	0	0	0
1001	0	0	0	1	0	2	5	-999
1002	1	0	0	1	-999	1	0	0
1003	1	0	0	1	-999	0	0	0
1004	1	0	0	1	-999	0	0	0
1005	1	0	0	1	-999	1	0	1
1006	0	0	0	1	-999	-999	5	6
1007	0	0	0	1	4	7	6	8
1008	1	0	0	1	1	3	1	2
1009	0	0	0	1	2	3	3	0
1010	0	0	0	1	0	0	0	0
1011	0	0	0	1	-999	5	4	4
1012	0	0	0	1	-999	8	6	5
1013	0	0	1	0	0	0	0	0
1014	0	0	1	0	-999	-999	1	2
1015	0	0	1	0	0	0	1	1
1016	1	0	1	0	0	0	0	0
1017	1	0	1	0	0	0	0	0
1018	1	0	1	0	0	0	0	1
1019	1	0	1	0	0	0	0	0
1020	0	0	1	0	-999	-999	6	6
1021	1	0	1	0	0	0	0	0
1022	1	0	1	0	-999	1	1	1
1023	0	0	1	0	0	-999	-999	0
1024	0	0	1	0	-999	0	0	0
1025	1	0	1	0	0	0	0	0
1026	1	0	1	0	-999	-999	0	0
1027	0	0	1	0	0	0	0	0
1028	1	0	1	0	-999	-999	0	0
1029	1	0	1	0	0	0	0	0
1030	0	0	1	0	0	0	0	0
1031	1	0	1	0	0	0	0	0
1032	0	0	1	0	0	0	0	0
1033	1	0	1	0	0	0	1	0
1034	1	0	1	0	0	-999	0	0
1035	0	0	1	0	0	0	0	0
1036	0	0	1	0	0	0	0	0
1037	1	0	1	0	0	-999	0	0
1038	1	0	1	0	0	0	0	0
1039	0	0	1	0	0	0	0	0
1040	0	0	1	0	0	0	0	0
1041	0	0	1	0	0	0	0	0
1042	1	1	0	0	0	0	0	0
1043	1	1	0	0	0	0	0	0
1044	1	1	0	0	0	0	0	0
1045	1	1	0	0	-999	0	0	0
1046	1	1	0	0	0	0	0	0
1047	1	1	0	0	-999	-999	0	0
1048	0	1	0	0	-999	-999	0	0
1049	0	1	0	0	0	0	1	3
1050	0	1	0	0	0	0	0	0
1051	0	1	0	0	-999	0	0	0
1052	0	1	0	0	0	0	1	0
1053	0	1	0	0	-999	1	0	0
1054	0	1	0	0	-999	-999	0	1
1055	0	0	1	0	1	0	0	3
1056	1	1	0	0	-999	-999	0	0
1057	1	1	0	0	0	0	0	0
1058	0	1	0	0	3	1	0	1
1059	0	1	0	0	4	0	0	1
1060	0	1	0	0	0	-999	-999	0
1061	1	1	0	0	-999	-999	2	4
1062	0	1	0	0	0	0	0	0
1063	1	1	0	0	-999	0	0	0
1064	1	1	0	0	1	-999	-999	0
1065	1	1	0	0	1	-999	0	0
1066	1	1	0	0	0	0	0	0
1067	1	1	0	0	0	0	0	1
1068	1	1	0	0	0	3	1	1
1069	1	1	0	0	0	0	0	0
1070	1	1	0	0	0	0	0	0
1071	0	1	0	0	-999	3	1	1
1072	1	1	0	0	-999	-999	4	3
1073	1	1	0	0	0	0	0	1
1074	1	1	0	0	0	0	1	2
1075	0	1	0	0	0	0	0	0
1076	0	1	0	0	-999	-999	0	0
1077	0	1	0	0	-999	-999	0	1
1078	0	1	0	0	-999	-999	9	9
1079	1	1	0	0	-999	-999	0	2
1080	0	1	0	0	-999	-999	0	1
1081	1	1	0	0	-999	-999	1	0
1082	1	1	0	0	0	0	-999	0
1083	1	1	0	0	-999	-999	0	0
1084	0	1	0	0	0	-999	-999	0
1085	0	1	0	0	2	2	1	0
1086	0	1	0	0	-999	-999	7	5
1087	1	1	0	0	-999	-999	4	0
1088	1	1	0	0	-999	4	0	0
1089	1	1	0	0	-999	-999	0	1
1090	0	1	0	0	2	0	0	0
1091	0	1	0	0	0	0	0	0
1092	0	1	0	0	0	0	1	1
1093	1	1	0	0	-999	-999	0	0
1094	1	0	0	1	-999	1	0	0
1095	1	1	0	0	0	0	0	0
1096	1	1	0	0	0	0	0	0
1097	1	1	0	0	0	0	0	0
1098	1	1	0	0	0	0	0	0
1099	1	1	0	0	-999	0	0	0
1100	1	1	0	0	0	0	0	0
1101	1	1	0	0	1	1	0	0
1102	1	1	0	0	0	1	0	0
1103	1	1	0	0	2	1	0	1
1104	0	1	0	0	1	1	4	3
1105	0	1	0	0	3	3	7	3
1106	0	1	0	0	0	-999	0	3
1107	1	1	0	0	4	1	1	0
1108	0	1	0	0	-999	2	3	2
1109	1	1	0	0	0	0	0	0
1110	1	1	0	0	0	0	0	0
1111	1	1	0	0	-999	-999	0	0
1112	1	1	0	0	0	1	-999	1
1113	0	1	0	0	0	0	0	0
1114	1	0	1	0	0	5	5	2
1115	1	0	1	0	-999	0	0	0
1116	1	0	1	0	0	-999	0	0
1117	0	0	1	0	0	0	1	2
1118	1	0	1	0	0	0	0	0
1119	1	0	1	0	0	5	3	1
1120	0	0	1	0	0	1	0	0
1121	1	0	1	0	0	0	0	0
1122	1	0	1	0	0	0	0	0
1123	0	0	1	0	0	0	0	0
1124	0	0	1	0	0	0	0	0
1125	0	0	1	0	-999	0	0	0
1126	0	0	1	0	0	0	0	0
1127	0	0	1	0	0	1	1	1
1128	1	0	1	0	0	1	1	0
1129	1	0	1	0	0	0	0	0
1130	0	0	1	0	0	-999	-999	1
1131	0	0	1	0	0	0	1	1
1132	0	0	1	0	-999	-999	1	2
1133	0	0	1	0	0	0	0	0
1134	1	0	1	0	0	0	1	0
1135	1	0	1	0	0	0	0	0
1136	0	0	1	0	0	0	0	0
1137	0	0	1	0	0	0	0	0
1138	0	0	1	0	1	2	0	0
1139	0	0	1	0	0	0	0	1
1140	0	0	1	0	-999	-999	0	0
1141	0	0	1	0	0	0	1	0
1142	1	0	1	0	0	0	-999	2
1143	0	0	1	0	-999	6	1	1
1144	1	0	1	0	0	0	0	0
1145	1	0	1	0	0	0	0	0
1146	1	0	1	0	-999	0	0	0
1147	1	0	1	0	0	1	0	0
1148	1	0	1	0	-999	-999	0	1
1149	0	0	1	0	0	0	0	1
1150	0	0	1	0	-999	-999	0	1
1151	0	0	1	0	-999	0	0	0
1152	0	0	1	0	1	7	4	4
1153	1	0	1	0	0	0	0	0
1154	1	0	1	0	0	0	1	1
1155	0	0	1	0	0	1	1	1
1156	1	0	1	0	-999	1	3	2
1157	0	0	1	0	-999	0	1	4
1158	0	0	1	0	0	3	5	8
1159	1	0	1	0	0	0	0	0
1160	0	0	1	0	0	0	0	0
1161	0	0	1	0	0	1	1	2
1162	0	0	1	0	0	0	1	0
1163	1	0	1	0	-999	0	1	2
1164	1	0	1	0	-999	0	1	1
1165	1	0	1	0	0	0	0	0
1166	1	1	0	0	-999	-999	1	0
1167	1	1	0	0	0	0	0	0
1168	1	1	0	0	-999	1	1	0
1169	1	1	0	0	-999	1	1	1
1170	1	1	0	0	-999	2	2	1
1171	1	1	0	0	-999	-999	1	0
1172	1	1	0	0	-999	0	2	1
1173	0	1	0	0	0	2	0	0
1174	1	1	0	0	1	0	0	0
1175	1	1	0	0	0	0	0	0
1176	1	1	0	0	0	0	0	0
1177	0	1	0	0	1	3	0	0
1178	1	1	0	0	2	-999	3	3
1179	1	1	0	0	0	1	3	3
1180	0	1	0	0	1	0	0	0
1181	0	1	0	0	2	1	1	1
1182	1	1	0	0	1	0	0	1
1183	0	1	0	0	0	2	0	0
1184	1	0	1	0	0	0	0	0
1185	1	0	1	0	0	0	2	0
1186	1	0	1	0	-999	-999	6	4
1187	1	0	1	0	0	0	1	0
1188	1	0	1	0	8	-999	-999	0
1189	0	0	1	0	2	5	3	5
1190	0	0	1	0	-999	2	3	2
1191	0	0	1	0	2	1	5	8
1192	0	0	1	0	-999	-999	1	2
1193	0	0	1	0	0	0	0	0
1194	0	0	0	1	-999	0	0	0
1195	0	0	0	1	0	0	0	0
1196	0	0	0	1	-999	-999	1	0
1198	0	0	0	1	-999	0	0	0
1199	0	0	0	1	-999	0	0	2
1200	0	0	0	1	0	0	2	0
1201	0	0	0	1	-999	-999	0	0
1202	0	0	0	1	0	0	0	0
1203	0	0	0	1	-999	0	0	0
1204	1	0	0	1	0	0	0	4
1205	1	0	0	1	-999	1	0	1
1206	0	0	0	1	0	1	4	3
1207	0	0	0	1	-999	0	1	0
1208	1	0	0	1	0	0	0	0
1209	0	0	0	1	-999	1	4	3
1210	0	0	0	1	-999	2	1	-999
1211	0	0	0	1	-999	-999	4	3
1212	1	0	0	1	0	0	0	0
1213	0	0	0	1	0	2	1	0
1214	1	0	1	0	-999	2	5	1
1215	0	0	1	0	-999	0	0	0
1216	0	0	1	0	-999	-999	1	1
1217	0	0	1	0	-999	-999	4	1
1218	0	0	1	0	0	0	0	0
1219	0	0	1	0	0	0	0	0
1220	0	0	1	0	0	0	0	0
1221	1	0	1	0	0	0	0	0
1222	1	0	1	0	0	0	0	0
1223	0	0	1	0	-999	-999	1	1
1224	0	0	1	0	-999	2	3	1
1225	0	0	1	0	1	0	1	2
1226	0	0	1	0	0	0	0	0
1227	1	1	0	0	-999	-999	0	0
1228	0	1	0	0	0	3	-999	2
1229	1	1	0	0	-999	-999	3	3
1230	1	1	0	0	0	0	0	1
1231	1	1	0	0	-999	0	0	0
1232	1	1	0	0	-999	-999	0	0
1233	1	1	0	0	0	1	2	0
1234	0	1	0	0	-999	0	-999	1
1235	0	1	0	0	-999	0	1	0
1236	0	1	0	0	-999	-999	1	0
1237	0	1	0	0	0	-999	0	0
1238	1	1	0	0	-999	0	0	0
1239	1	1	0	0	-999	2	1	1
1240	1	1	0	0	0	0	3	6
1241	1	1	0	0	-999	3	3	1
1242	1	1	0	0	-999	0	0	4
1243	1	1	0	0	0	0	-999	0
1244	0	1	0	0	-999	5	3	9
1245	0	1	0	0	-999	-999	0	2
1246	1	1	0	0	0	0	0	0
1247	0	1	0	0	2	5	2	3
1248	1	1	0	0	0	0	2	1
1249	1	1	0	0	0	0	1	0
1250	0	1	0	0	-999	4	2	2
1251	0	1	0	0	0	0	0	0
1252	0	1	0	0	0	0	0	1
1253	0	1	0	0	0	3	2	2
1254	0	1	0	0	2	0	0	1
1255	1	1	0	0	-999	5	4	4
1256	0	1	0	0	-999	-999	3	1
1257	0	1	0	0	0	1	3	2
1258	0	1	0	0	-999	-999	2	2
1259	0	1	0	0	0	3	4	9
1260	0	1	0	0	-999	-999	1	1
1261	1	1	0	0	0	0	0	0
1262	0	1	0	0	1	1	2	3
1263	1	1	0	0	0	0	0	0
1264	1	1	0	0	-999	0	0	1
1265	1	1	0	0	-999	0	3	3
1266	1	1	0	0	0	2	1	3
1267	0	1	0	0	-999	0	0	0
1268	0	1	0	0	-999	0	0	0
1269	1	0	1	0	0	0	0	0
1270	1	0	1	0	-999	0	0	0
1271	1	0	1	0	0	0	0	0
1272	1	0	1	0	-999	-999	0	0
1273	1	0	1	0	0	0	0	2
1274	1	0	1	0	1	-999	-999	1
1275	1	0	1	0	0	0	0	0
1276	1	0	1	0	-999	-999	0	0
1277	0	0	1	0	-999	-999	1	2
1278	0	0	1	0	0	0	4	0
1279	0	0	1	0	-999	1	4	2
1280	0	0	1	0	0	0	0	0
1281	0	0	1	0	0	2	3	4
1282	1	0	1	0	-999	0	0	0
1283	1	0	1	0	0	0	0	0
1284	1	0	1	0	0	1	0	0
1285	1	0	1	0	-999	-999	0	0
1286	1	0	1	0	0	0	0	0
1287	1	0	1	0	0	1	1	0
1288	1	0	1	0	-999	-999	0	0
1289	1	0	1	0	1	0	0	0
1290	1	0	1	0	0	-999	1	0
1291	0	0	1	0	-999	2	2	3
1292	0	0	1	0	-999	-999	4	7
1293	1	0	1	0	0	0	2	3
1294	1	0	1	0	0	0	0	0
1295	0	0	0	1	0	0	0	2
1296	0	0	0	1	0	2	1	1
1297	1	0	0	1	2	4	1	1
1298	1	0	0	1	-999	-999	1	0
1299	1	0	0	1	1	1	0	1
1300	1	0	0	1	-999	-999	4	3
1301	0	1	0	0	0	0	0	1
1302	0	0	0	1	0	0	3	1
1303	1	0	0	1	1	-999	-999	0
1304	0	0	0	1	-999	0	0	0
1305	0	0	0	1	-999	0	0	0
1306	1	0	0	1	1	1	0	0
1307	1	0	0	1	-999	-999	2	0
1308	1	0	1	0	0	0	0	0
1309	1	0	1	0	0	0	1	0
1310	1	0	1	0	0	0	1	0
1311	1	0	1	0	-999	-999	0	0
1312	1	0	1	0	0	0	0	0
1313	1	0	1	0	1	0	0	0
1314	1	0	1	0	1	0	0	0
1315	1	0	1	0	0	0	1	0
1316	1	0	1	0	0	0	0	0
1317	1	0	1	0	0	0	0	0
1318	0	0	1	0	0	0	0	0
1319	0	0	1	0	0	0	0	0
1320	0	0	1	0	0	1	0	0
1321	0	0	1	0	0	0	1	1
1322	0	0	1	0	-999	0	0	0
1323	0	0	1	0	0	0	0	0
1324	0	0	1	0	0	0	0	0
1325	0	0	1	0	-999	-999	12	0
1326	0	0	1	0	0	1	13	1
1327	0	0	1	0	0	0	4	1
1328	0	0	1	0	0	0	0	0
1329	0	0	1	0	0	0	0	0
1330	1	0	1	0	0	0	0	1
1331	1	0	1	0	3	2	2	2
1332	1	0	1	0	0	0	0	0
1333	1	0	1	0	0	0	0	0
1334	0	1	0	0	0	0	1	0
1335	1	1	0	0	0	1	0	0
1336	1	1	0	0	0	1	1	0
1337	1	1	0	0	0	0	0	0
1338	0	1	0	0	-999	-999	4	2
1339	0	1	0	0	0	-999	-999	1
1340	0	1	0	0	4	-999	-999	1
1341	0	1	0	0	-999	-999	4	1
1342	0	1	0	0	-999	0	0	0
1343	0	1	0	0	-999	-999	16	2
1344	0	1	0	0	-999	-999	3	3
1345	1	1	0	0	0	0	1	0
1346	1	1	0	0	0	0	0	0
1347	1	1	0	0	0	-999	-999	4
1348	1	1	0	0	0	3	2	0
1349	1	1	0	0	-999	-999	0	0
1350	1	1	0	0	-999	-999	0	0
1351	1	1	0	0	0	1	5	5
1352	1	1	0	0	-999	-999	3	1
1353	1	1	0	0	0	0	0	0
1354	1	1	0	0	-999	-999	0	2
1355	1	1	0	0	-999	0	1	0
1356	1	1	0	0	-999	-999	1	1
1357	1	1	0	0	-999	0	1	1
1358	1	1	0	0	1	0	0	0
1359	0	1	0	0	0	0	0	1
1360	0	1	0	0	0	-999	3	6
1361	0	1	0	0	0	4	11	1
1362	0	1	0	0	-999	0	3	0
1363	0	1	0	0	-999	0	2	1
1364	1	1	0	0	-999	1	0	0
1365	1	1	0	0	0	0	1	1
1366	1	1	0	0	-999	-999	0	0
1367	0	1	0	0	-999	4	3	0
1368	0	1	0	0	-999	-999	0	0
1369	0	1	0	0	-999	4	-999	4
1370	0	1	0	0	3	0	0	0
1371	0	1	0	0	0	0	1	1
1372	0	1	0	0	-999	2	2	2
1373	0	1	0	0	0	0	2	3
1374	1	0	1	0	0	0	0	3
1375	1	0	1	0	1	0	0	0
1376	1	0	1	0	0	0	0	0
1377	1	0	1	0	-999	0	1	2
1378	0	0	1	0	-999	-999	6	2
1379	0	0	1	0	-999	-999	1	2
1380	0	0	1	0	-999	-999	2	1
1381	1	0	1	0	0	1	0	0
1382	1	0	1	0	0	1	0	0
1383	1	0	1	0	0	-999	-999	0
1384	1	0	1	0	0	-999	0	0
1385	1	0	1	0	0	0	0	0
1386	1	0	1	0	0	1	0	0
1387	1	0	1	0	0	0	0	0
1388	1	0	1	0	3	2	0	0
1389	0	0	1	0	0	0	0	1
1390	0	0	1	0	4	2	4	1
1391	0	0	1	0	7	3	1	3
1392	0	0	1	0	-999	-999	1	3
1393	1	0	1	0	1	0	0	0
1394	0	0	1	0	1	1	3	1
1395	0	0	1	0	0	0	5	1
1396	1	0	1	0	0	0	0	0
1397	0	0	0	1	-999	0	0	0
1398	1	0	0	1	0	0	0	0
1399	1	0	0	1	0	3	7	5
1400	1	0	0	1	-999	0	0	0
1401	1	0	0	1	-999	-999	3	2
1402	1	0	0	1	0	2	1	1
1403	1	0	0	1	-999	-999	0	0
1404	1	0	0	1	-999	-999	0	0
1405	1	0	0	1	-999	1	0	0
1406	1	0	0	1	-999	-999	0	0
1407	1	0	0	1	-999	0	0	0
1408	1	0	0	1	0	0	0	0
1409	1	0	0	1	0	2	1	0
1410	1	0	0	1	0	0	0	0
1411	0	0	0	1	0	0	0	0
1412	1	0	1	0	0	0	0	0
1413	1	0	1	0	0	0	0	1
1414	1	0	1	0	0	0	0	0
1415	1	0	1	0	0	0	0	0
1416	1	0	1	0	0	1	0	0
1417	1	0	1	0	0	0	2	1
1418	1	0	1	0	0	0	0	1
1419	1	1	0	0	0	-999	-999	0
1420	1	0	1	0	0	0	0	0
1421	1	0	1	0	0	0	0	0
1422	1	0	1	0	0	0	0	0
1423	1	0	1	0	0	0	0	0
1424	1	0	1	0	-999	0	0	0
1425	1	0	1	0	2	1	5	3
1426	1	0	1	0	-999	0	0	0
1427	1	0	1	0	0	0	0	0
1428	1	0	1	0	0	0	0	0
1429	1	0	1	0	0	0	0	2
1430	1	0	1	0	1	4	1	0
1431	1	0	1	0	0	0	0	0
1432	1	0	1	0	0	0	0	0
1433	1	0	1	0	0	1	0	0
1434	1	0	1	0	-999	0	0	0
1435	1	0	1	0	0	1	2	1
1436	1	0	1	0	0	0	0	0
1437	1	0	1	0	0	1	1	0
1438	1	0	1	0	0	1	0	0
1439	1	0	1	0	-999	0	0	0
1440	1	0	1	0	-999	1	0	0
1441	1	0	1	0	0	0	-999	0
1442	0	0	0	1	0	-999	1	1
1443	1	0	0	1	-999	-999	0	0
1444	0	0	0	1	2	-999	2	1
1445	1	0	0	1	-999	-999	0	0
1446	1	0	0	1	-999	1	-999	0
1447	1	0	0	1	-999	-999	0	1
1448	0	0	0	1	0	3	2	3
1449	1	0	0	1	-999	-999	0	0
1450	1	0	0	1	-999	0	0	0
1451	1	0	0	1	2	3	1	1
1452	0	0	0	1	0	2	3	1
1453	0	1	0	0	-999	1	0	1
1454	1	0	0	1	0	0	0	0
1455	1	0	0	1	-999	-999	4	1
1456	1	0	0	1	0	0	0	0
1457	1	0	0	1	0	0	0	0
1458	1	0	0	1	-999	0	0	0
1459	1	0	0	1	0	1	0	0
1460	1	0	0	1	0	-999	-999	2
1461	0	0	0	1	-999	-999	1	0
1462	0	0	0	1	3	-999	1	2
1463	0	0	0	1	0	0	1	1
1464	1	0	0	1	0	0	0	0
1465	0	0	1	0	0	-999	-999	1
1466	1	0	1	0	-999	1	3	1
1467	1	0	1	0	0	0	0	1
1468	1	0	1	0	0	0	1	0
1469	1	0	1	0	0	0	0	0
1470	1	0	1	0	0	0	0	0
1471	1	0	1	0	0	0	0	1
1472	0	0	1	0	0	0	0	0
1473	0	0	1	0	0	0	0	0
1474	0	0	1	0	0	0	0	0
1475	0	0	1	0	0	2	1	1
1476	0	0	1	0	0	1	1	0
1477	1	0	1	0	0	0	1	1
1478	1	0	1	0	-999	0	0	0
1479	0	0	1	0	0	1	2	2
1480	1	0	1	0	0	0	0	1
1481	0	0	1	0	0	0	0	0
1482	0	0	1	0	0	1	1	0
1483	0	0	1	0	-999	-999	0	2
1484	0	0	1	0	1	1	3	2
1485	1	0	1	0	0	0	1	0
1486	0	0	1	0	-999	0	0	0
1487	1	0	1	0	0	0	0	0
1488	1	0	1	0	0	0	0	0
1489	0	0	1	0	0	2	1	0
1490	1	0	1	0	1	1	0	1
1491	1	0	1	0	-999	1	0	0
1492	1	0	1	0	0	0	0	0
1493	1	0	1	0	0	1	4	2
1494	0	0	1	0	0	0	1	0
1495	0	0	1	0	-999	0	1	0
1496	1	0	1	0	0	1	0	0
1497	1	0	1	0	0	0	0	0
1498	1	0	1	0	0	-999	-999	0
1499	1	0	0	1	-999	-999	2	3
1500	1	0	0	1	-999	3	2	3
1501	1	0	0	1	-999	0	0	0
1502	0	0	0	1	-999	-999	0	1
1503	1	0	0	1	0	1	3	1
1504	0	0	0	1	0	0	0	0
1505	1	0	0	1	-999	-999	0	0
1506	1	0	0	1	-999	-999	16	16
1507	0	0	1	0	-999	0	0	0
1508	1	0	1	0	0	0	0	0
1509	1	0	1	0	0	0	0	0
1510	1	0	1	0	0	0	0	0
1511	0	0	1	0	0	0	2	0
1512	1	0	1	0	-999	0	0	0
1513	1	0	1	0	0	0	0	0
1514	1	0	1	0	0	0	0	0
1515	0	0	1	0	0	0	0	1
1516	0	0	1	0	-999	0	1	0
1517	0	0	1	0	0	0	0	4
1518	1	0	1	0	2	0	0	1
1519	1	0	1	0	1	4	1	1
1520	1	0	1	0	0	0	0	1
1521	0	0	1	0	1	0	1	1
1522	0	0	1	0	0	0	0	1
1523	0	0	1	0	0	0	0	1
1524	0	0	1	0	0	0	0	0
1525	0	0	1	0	0	0	0	1
1526	1	0	0	1	-999	1	2	0
1527	1	0	0	1	-999	1	0	2
1528	0	0	0	1	-999	-999	1	0
1529	1	0	0	1	5	1	4	5
1530	1	0	0	1	0	0	0	0
1531	0	0	0	1	10	-999	8	0
1532	1	1	0	0	1	1	0	1
1533	1	1	0	0	-999	0	0	0
1534	1	0	1	0	2	1	0	0
1535	1	1	0	0	0	0	0	0
1536	1	1	0	0	-999	0	0	1
1537	0	1	0	0	-999	1	2	2
1538	1	1	0	0	0	0	0	0
1539	1	1	0	0	0	0	0	0
1540	0	1	0	0	0	0	0	0
1541	1	1	0	0	2	0	2	0
1542	1	1	0	0	1	1	3	2
1543	1	1	0	0	1	2	2	1
1544	0	1	0	0	-999	1	-999	0
1545	0	1	0	0	0	0	0	0
1546	0	1	0	0	-999	-999	15	7
1547	0	1	0	0	2	1	1	0
1548	0	0	0	1	-999	0	1	0
1549	1	0	0	1	-999	-999	0	0
1550	1	0	0	1	-999	-999	0	0
1551	1	0	0	1	-999	1	2	2
1552	1	0	1	0	0	0	0	6
1553	0	1	0	0	0	3	4	1
1554	0	0	0	1	-999	3	1	2
1555	0	0	0	1	0	2	1	3
1556	1	0	0	1	0	0	0	0
1557	0	0	0	1	0	0	1	0
1558	0	0	0	1	0	3	1	2
1559	0	0	0	1	-999	0	1	0
1560	0	0	0	1	0	1	2	2
1561	1	0	0	1	-999	-999	2	0
1562	0	0	0	1	0	0	0	0
1563	1	0	0	1	-999	1	0	0
1564	1	0	0	1	-999	0	0	0
1565	0	0	0	1	0	2	4	1
1566	1	0	0	1	-999	-999	1	0
1567	1	0	0	1	0	0	0	0
1568	1	0	0	1	-999	4	10	0
1569	1	0	0	1	0	-999	-999	0
1570	1	0	0	1	0	0	-999	1
1571	1	0	0	1	7	2	2	1
1572	1	1	0	0	-999	0	3	1
1573	0	1	0	0	-999	1	0	2
1574	1	1	0	0	-999	-999	0	2
1575	1	1	0	0	0	0	3	1
1576	1	1	0	0	1	3	3	4
1577	1	1	0	0	-999	-999	1	1
1578	1	1	0	0	0	0	0	0
1579	1	1	0	0	-999	0	1	0
1580	0	1	0	0	1	1	0	0
1581	0	1	0	0	-999	-999	0	1
1582	0	1	0	0	1	0	0	5
1583	0	1	0	0	0	1	0	0
1584	0	1	0	0	0	1	0	0
1585	0	1	0	0	0	0	0	1
1586	1	1	0	0	-999	0	0	0
1587	0	0	0	1	-999	2	1	0
1588	0	0	0	1	0	0	0	0
1589	1	0	0	1	-999	-999	0	0
1590	0	0	0	1	1	1	3	5
1591	0	0	0	1	-999	-999	7	1
1592	1	0	0	1	-999	0	-999	1
1593	1	0	1	0	0	0	0	0
1594	1	0	1	0	0	0	0	0
1595	1	0	1	0	0	0	0	0
1596	0	0	1	0	-999	-999	1	1
1597	1	0	1	0	3	2	3	0
1598	1	0	1	0	-999	0	0	0
1599	1	0	1	0	0	0	0	0
1600	0	0	1	0	-999	1	0	0
1601	1	0	0	1	0	0	0	0
1602	1	0	0	1	-999	0	0	0
1603	0	0	0	1	0	3	1	0
1604	1	0	0	1	0	3	1	3
1605	0	0	0	1	-999	-999	0	0
1606	0	1	0	0	-999	0	1	0
1607	0	0	0	1	-999	-999	0	0
1608	0	1	0	0	0	-999	2	0
1609	0	0	0	1	-999	-999	2	10
1610	1	0	0	1	0	1	1	2
1611	1	0	0	1	-999	1	0	0
1612	1	1	0	0	2	2	1	2
1613	1	0	0	1	11	12	9	2
1614	0	1	0	0	-999	-999	7	3
1615	1	1	0	0	0	0	0	0
1616	1	1	0	0	0	0	0	0
1617	1	1	0	0	0	0	0	0
1618	0	1	0	0	1	5	4	6
1619	1	1	0	0	-999	-999	5	4
1620	1	1	0	0	-999	-999	5	4
1621	0	1	0	0	0	-999	6	3
1622	0	1	0	0	7	2	4	4
1623	0	1	0	0	0	0	1	4
1624	0	1	0	0	0	0	3	9
1625	0	0	1	0	2	1	3	5
1626	0	1	0	0	-999	-999	1	1
1627	0	1	0	0	0	0	0	0
1628	0	1	0	0	0	0	0	1
1629	1	1	0	0	0	0	1	1
1630	0	1	0	0	-999	-999	0	0
1631	0	1	0	0	-999	-999	3	1
1632	0	1	0	0	-999	0	0	4
1633	0	1	0	0	2	1	0	0
1634	1	1	0	0	2	4	3	6
1635	1	1	0	0	-999	-999	3	3
1636	1	1	0	0	0	0	0	0
1637	0	1	0	0	3	2	4	4
1638	1	1	0	0	0	1	0	1
1639	1	1	0	0	0	0	0	0
1640	1	1	0	0	0	0	0	2
1641	0	1	0	0	-999	-999	2	2
1642	1	1	0	0	1	1	2	1
1643	1	0	1	0	0	1	0	0
1644	1	1	0	0	-999	0	0	0
1645	1	1	0	0	-999	-999	5	3
1646	1	1	0	0	4	-999	-999	1
1647	1	1	0	0	-999	-999	0	0
1648	1	1	0	0	1	4	3	2
1649	0	1	0	0	-999	2	1	3
1650	0	1	0	0	-999	-999	4	1
1651	0	1	0	0	-999	-999	0	0
1652	0	1	0	0	-999	0	1	0
1653	0	1	0	0	-999	-999	1	0
1654	1	1	0	0	0	0	0	0
1655	1	1	0	0	0	4	0	1
1656	1	1	0	0	0	0	0	1
1657	0	1	0	0	-999	-999	0	0
1658	1	1	0	0	0	1	0	1
1659	0	1	0	0	-999	0	0	1
1660	1	1	0	0	-999	1	2	1
1661	1	1	0	0	-999	-999	2	1
1662	0	1	0	0	-999	-999	3	9
1663	0	1	0	0	-999	-999	4	1
1664	1	1	0	0	-999	-999	0	1
1665	1	1	0	0	-999	-999	0	0
1666	1	1	0	0	-999	-999	0	0
1667	1	1	0	0	-999	0	0	0
1668	0	1	0	0	-999	0	1	3
1669	0	1	0	0	-999	-999	0	0
1670	1	1	0	0	0	0	0	0
1671	1	0	0	1	0	1	0	0
1672	0	0	0	1	0	0	0	0
1673	1	0	0	1	0	0	0	0
1674	0	0	0	1	-999	-999	5	5
1675	1	0	0	1	-999	-999	0	1
1676	1	0	0	1	-999	4	1	2
1677	0	1	0	0	-999	3	7	3
1678	0	0	0	1	-999	6	2	3
1679	1	0	0	1	1	2	1	2
1680	1	0	0	1	1	2	2	1
1681	1	0	0	1	-999	-999	0	0
1682	0	0	0	1	-999	0	1	0
1683	1	0	0	1	-999	2	2	4
1684	0	0	0	1	3	6	-999	1
1685	0	0	0	1	-999	-999	0	0
1686	1	1	0	0	0	-999	-999	10
1687	1	0	0	1	0	0	2	0
1688	1	0	0	1	2	-999	-999	2
1689	1	0	0	1	-999	-999	2	3
1690	1	0	0	1	0	-999	-999	0
1691	1	0	0	1	0	0	0	0
1692	0	0	0	1	0	0	1	0
1693	1	0	0	1	0	0	3	3
1694	1	0	0	1	-999	1	-999	0
1695	1	0	0	1	-999	0	0	1
1696	1	0	0	1	-999	0	0	0
1697	0	0	0	1	-999	0	0	0
1698	0	0	0	1	-999	15	11	4
1699	0	0	0	1	-999	-999	5	4
1700	1	0	0	1	0	0	0	0
1701	1	0	0	1	-999	0	1	0
1702	0	0	0	1	0	0	1	1
1703	0	0	0	1	0	0	0	1
1704	0	0	0	1	-999	-999	2	1
1705	0	0	0	1	-999	-999	0	0
1706	0	0	0	1	-999	5	2	4
1707	1	0	0	1	-999	0	-999	0
1708	1	0	0	1	-999	0	1	1
1709	0	0	0	1	-999	-999	4	0
1711	1	0	0	1	-999	0	0	0
1712	0	0	0	1	-999	-999	1	2
1713	1	0	0	1	2	4	4	7
1714	0	0	0	1	-999	-999	1	4
1715	1	0	0	1	-999	0	0	0
1716	1	0	0	1	-999	0	0	2
1718	0	0	0	1	-999	0	0	1
1719	1	0	0	1	-999	4	-999	2
1720	0	0	0	1	0	-999	-999	0
1721	1	0	0	1	-999	0	0	0
1722	1	0	0	1	-999	0	1	2
1723	1	0	0	1	0	1	1	1
1724	1	0	0	1	-999	3	0	0
1725	0	0	0	1	-999	-999	3	4
1726	0	0	0	1	-999	-999	11	14
1727	1	0	0	1	0	1	1	0
1729	1	0	0	1	0	1	1	0
1730	1	0	1	0	0	0	2	1
1731	1	0	1	0	-999	-999	2	1
1732	0	0	1	0	0	0	1	1
1733	1	0	1	0	0	0	0	0
1734	0	0	1	0	0	-999	-999	0
1735	0	0	1	0	0	1	0	0
1736	1	0	1	0	-999	0	0	0
1737	0	0	1	0	0	0	0	0
1738	0	0	1	0	0	0	0	0
1739	0	0	1	0	0	1	1	0
1740	0	0	1	0	-999	0	0	1
1741	0	0	1	0	0	-999	0	0
1742	0	0	1	0	-999	0	0	0
1743	0	0	1	0	-999	-999	0	0
1744	0	0	1	0	-999	-999	2	0
1745	0	0	1	0	0	1	0	0
1746	0	0	1	0	0	1	2	0
1747	0	0	1	0	0	0	2	1
1748	0	0	1	0	-999	9	4	1
1749	1	0	1	0	0	0	0	0
1750	1	0	1	0	-999	-999	1	4
1751	1	0	1	0	0	0	1	2
1752	1	0	1	0	1	4	4	5
1753	0	0	1	0	2	2	0	1
1754	1	0	1	0	1	0	0	0
1755	1	0	1	0	0	0	0	0
1756	1	0	1	0	-999	0	1	0
1757	1	0	1	0	-999	1	0	0
1758	0	0	1	0	0	0	1	2
1759	0	0	1	0	0	3	2	1
1760	1	0	1	0	0	0	0	1
1761	1	0	1	0	0	1	0	1
1762	0	0	1	0	0	0	1	1
1763	0	0	1	0	3	4	2	2
1764	1	0	1	0	0	0	1	1
1765	0	0	1	0	0	4	3	3
1766	1	0	1	0	0	0	0	0
1767	1	0	1	0	0	0	0	0
1768	1	0	1	0	0	0	0	0
1769	1	0	1	0	0	0	0	0
1770	1	0	1	0	0	0	0	0
1771	1	0	1	0	-999	0	0	1
1772	1	0	1	0	0	0	1	0
1773	1	0	1	0	0	0	1	0
1774	1	0	1	0	1	0	2	0
1775	0	0	1	0	1	3	3	2
1776	0	0	1	0	-999	-999	2	2
1777	0	0	1	0	0	0	2	1
1778	0	0	1	0	-999	-999	7	3
1779	0	0	1	0	5	5	7	3
1780	1	0	1	0	0	0	0	0
1781	0	0	1	0	0	0	1	0
1782	0	0	1	0	-999	-999	0	0
1783	1	0	1	0	0	0	0	0
1784	1	0	1	0	1	1	0	1
1785	0	0	1	0	-999	-999	5	4
1786	0	0	1	0	1	1	0	1
1787	0	0	1	0	0	0	3	1
1788	0	0	1	0	-999	-999	0	0
1789	0	0	1	0	0	-999	0	1
1790	1	0	1	0	0	0	0	1
1791	1	0	1	0	1	2	0	1
1792	1	0	1	0	3	2	0	1
1793	0	0	1	0	0	0	0	0
1794	0	0	1	0	0	1	-999	2
1795	1	0	1	0	0	0	0	0
1796	1	0	1	0	0	0	-999	0
1797	1	0	1	0	1	0	0	0
1798	1	0	1	0	0	0	0	0
1799	1	0	1	0	1	0	0	0
1800	1	0	1	0	0	0	0	0
1801	0	0	1	0	-999	-999	0	0
1802	0	0	0	1	-999	13	1	0
1803	0	1	0	0	-999	0	3	1
1804	1	1	0	0	0	0	0	2
1805	1	1	0	0	-999	-999	2	4
1806	1	1	0	0	-999	-999	3	2
1807	0	1	0	0	-999	-999	8	8
1808	1	1	0	0	-999	-999	1	2
1809	1	1	0	0	0	1	3	2
1810	0	1	0	0	0	0	2	1
1811	0	1	0	0	0	0	0	0
1812	1	1	0	0	-999	-999	0	1
1813	1	1	0	0	-999	-999	0	0
1815	1	1	0	0	-999	-999	0	0
1816	1	1	0	0	-999	-999	4	3
1817	0	1	0	0	-999	6	3	1
1818	0	1	0	0	0	0	0	0
1819	0	1	0	0	0	0	0	0
1820	0	1	0	0	-999	0	0	5
1821	0	1	0	0	-999	-999	1	1
1822	0	1	0	0	0	0	0	0
1823	0	1	0	0	1	2	0	0
1824	1	1	0	0	-999	-999	5	0
1825	1	1	0	0	0	0	1	0
1826	1	1	0	0	-999	2	1	0
1827	0	1	0	0	-999	-999	2	0
1828	0	1	0	0	-999	-999	10	8
1829	0	1	0	0	0	0	2	0
1830	1	1	0	0	0	0	0	0
1831	1	1	0	0	0	0	0	1
1832	1	0	1	0	-999	0	1	2
1833	1	0	1	0	0	0	0	1
1834	1	0	1	0	0	0	0	0
1835	0	0	1	0	-999	0	0	0
1836	0	0	1	0	-999	-999	1	2
1837	0	0	1	0	-999	1	1	1
1838	0	0	1	0	0	1	1	0
1839	0	0	1	0	-999	0	0	0
1840	0	0	1	0	0	-999	-999	3
1841	0	0	1	0	-999	-999	3	7
1842	0	0	1	0	-999	0	1	2
1843	0	0	1	0	1	1	2	6
1844	1	0	1	0	0	0	0	0
1845	0	0	1	0	0	-999	-999	1
1846	1	0	1	0	0	0	0	1
1847	1	0	1	0	0	1	3	3
1848	0	0	1	0	4	0	2	1
1849	0	0	1	0	0	0	3	2
1850	0	0	1	0	-999	0	2	2
1851	0	0	1	0	0	0	1	0
1852	0	0	1	0	0	1	0	1
1853	0	0	1	0	0	0	0	0
1854	0	0	1	0	-999	-999	1	0
1855	0	0	1	0	-999	0	2	1
1856	1	0	0	1	1	6	6	11
1857	1	0	0	1	1	4	0	15
1858	0	0	0	1	-999	0	0	5
1859	1	0	0	1	-999	-999	0	0
1860	1	0	0	1	-999	-999	0	0
1861	1	0	0	1	2	1	3	2
1862	1	0	1	0	0	0	2	1
1863	1	0	1	0	3	6	6	2
1864	1	0	1	0	1	1	0	1
1865	1	0	1	0	-999	0	-999	0
1866	0	0	1	0	1	-999	-999	0
1867	1	0	1	0	1	-999	0	1
1868	1	0	1	0	1	2	4	2
1869	0	0	1	0	-999	-999	0	0
1870	0	0	1	0	0	0	0	0
1871	1	0	1	0	0	1	0	0
1872	0	0	1	0	0	0	0	1
1873	0	0	1	0	-999	-999	0	1
1874	0	0	1	0	-999	0	0	0
1875	0	0	1	0	0	0	0	0
1876	0	0	1	0	0	0	0	0
1877	0	0	1	0	0	0	1	0
1878	0	0	1	0	0	4	2	1
1879	0	0	1	0	1	0	0	0
1880	0	0	1	0	0	0	0	0
1881	1	0	1	0	-999	-999	0	0
1882	1	0	1	0	0	0	0	0
1883	0	0	1	0	0	0	3	0
1884	1	0	1	0	1	3	3	0
1885	1	0	1	0	-999	-999	0	0
1886	0	1	0	0	-999	0	-999	0
1887	0	1	0	0	0	0	3	1
1888	0	1	0	0	0	0	1	1
1889	0	1	0	0	1	1	0	1
1890	0	1	0	0	-999	0	0	1
1891	0	1	0	0	-999	-999	1	0
1892	0	1	0	0	0	0	4	6
1893	0	1	0	0	0	0	2	1
1894	1	1	0	0	3	-999	6	1
1895	0	1	0	0	-999	-999	1	0
1896	1	1	0	0	-999	-999	1	0
1897	1	1	0	0	0	-999	-999	3
1898	0	1	0	0	-999	2	2	2
1899	1	1	0	0	0	1	4	2
1900	1	1	0	0	0	0	0	0
1901	1	1	0	0	0	-999	-999	1
1902	1	1	0	0	0	1	1	0
1903	1	1	0	0	0	0	0	0
1904	0	1	0	0	-999	0	2	0
1905	0	1	0	0	-999	1	1	2
1906	0	1	0	0	-999	0	0	0
1907	1	1	0	0	-999	1	0	1
1908	1	1	0	0	-999	0	0	0
1909	1	1	0	0	0	0	0	0
1910	1	1	0	0	0	0	0	0
1911	0	0	1	0	1	-999	1	1
1912	0	0	1	0	-999	1	0	1
1913	0	0	1	0	0	-999	-999	0
1914	1	0	1	0	0	0	0	0
1915	1	0	1	0	0	-999	-999	0
1916	0	0	1	0	2	0	0	2
1917	0	0	1	0	0	0	0	0
1918	1	0	1	0	0	0	0	0
1919	1	0	1	0	0	0	5	0
1920	1	0	1	0	2	0	0	0
1921	1	0	1	0	-999	0	0	1
1922	0	0	1	0	-999	1	1	2
1923	0	0	1	0	0	0	0	0
1924	0	0	1	0	0	1	1	2
1925	0	0	1	0	4	4	2	2
1926	0	0	1	0	-999	3	0	0
1927	0	0	1	0	0	0	0	0
1928	0	0	1	0	2	0	0	0
1929	0	0	1	0	1	1	2	1
1930	0	0	1	0	1	4	2	1
1931	0	0	1	0	1	-999	0	0
1932	0	0	1	0	-999	-999	2	1
1933	0	0	1	0	1	0	1	0
1934	1	0	1	0	-999	-999	0	0
1935	1	0	1	0	-999	-999	3	1
1936	0	0	1	0	0	0	0	0
1937	0	0	1	0	0	-999	0	0
1938	0	0	1	0	0	1	1	0
1939	0	0	1	0	-999	-999	2	1
1940	0	0	1	0	-999	-999	3	2
1941	0	0	1	0	7	10	8	4
1942	0	0	1	0	-999	1	0	0
1943	1	0	1	0	0	0	1	2
1944	1	0	1	0	0	1	1	3
1945	0	0	1	0	0	0	0	0
1946	0	0	1	0	-999	0	0	0
1947	0	0	1	0	-999	-999	0	0
1948	0	0	1	0	0	0	0	1
1949	1	0	1	0	0	0	0	0
1950	0	0	1	0	0	0	0	0
1951	0	0	1	0	0	0	1	1
1952	1	0	1	0	0	0	0	0
1953	1	0	1	0	0	0	0	0
1954	1	0	1	0	0	0	0	0
1955	0	0	1	0	0	0	0	0
1956	0	0	1	0	0	1	0	1
1957	0	0	1	0	0	0	0	1
1958	1	0	1	0	1	0	0	0
1959	1	0	1	0	0	0	0	0
1960	1	0	1	0	1	0	0	1
1961	0	0	1	0	-999	-999	2	1
1962	0	0	1	0	0	-999	0	0
1963	1	0	1	0	0	0	0	0
1964	1	0	1	0	0	0	0	0
1965	1	0	1	0	0	0	0	0
1966	1	0	1	0	0	0	0	0
1967	1	0	1	0	0	0	0	0
1968	1	0	1	0	0	0	0	0
1969	1	0	1	0	0	0	0	0
1970	0	0	1	0	1	-999	-999	0
1971	0	0	1	0	2	2	4	3
1972	0	0	1	0	0	0	0	0
1973	0	0	1	0	-999	-999	0	0
1974	0	0	1	0	-999	-999	0	2
1975	1	0	1	0	1	-999	-999	4
1976	0	0	1	0	0	-999	0	0
1977	0	0	1	0	0	0	0	1
1978	0	0	1	0	-999	-999	1	0
1979	1	0	1	0	0	-999	-999	0
1980	0	0	1	0	0	0	0	0
1981	0	0	1	0	-999	0	0	0
1982	0	0	1	0	-999	-999	1	1
1983	0	0	1	0	0	-999	0	0
1984	0	0	1	0	1	0	0	0
1985	0	0	1	0	0	-999	-999	0
1986	1	0	1	0	0	0	0	0
1987	1	0	1	0	1	0	0	1
1988	1	0	1	0	1	1	0	1
1989	1	0	1	0	-999	-999	0	1
1990	1	0	1	0	0	0	0	0
1991	1	0	1	0	0	0	0	0
1992	1	0	1	0	0	2	2	0
1993	0	0	1	0	1	1	6	4
1994	0	0	1	0	1	0	2	3
1995	0	0	1	0	1	2	3	5
1996	0	0	1	0	-999	-999	5	1
1997	0	0	1	0	-999	-999	3	2
1998	0	0	1	0	0	2	2	1
1999	1	0	1	0	-999	-999	0	2
2000	1	0	1	0	0	0	0	0
2001	0	0	1	0	0	1	0	0
2002	0	0	1	0	-999	-999	1	0
2003	0	0	1	0	0	0	0	0
2004	0	0	1	0	-999	0	0	0
2005	0	0	1	0	-999	-999	4	3
2006	0	0	1	0	-999	-999	4	3
2007	1	0	1	0	-999	0	0	0
2008	1	0	1	0	-999	-999	0	0
2009	1	0	1	0	0	0	0	0
2010	1	0	1	0	1	1	0	1
2011	1	0	1	0	0	-999	2	1
2012	1	0	1	0	0	6	7	2
2013	0	0	1	0	0	0	0	0
2014	1	0	1	0	0	0	0	0
2015	1	0	1	0	1	1	0	2
2016	0	0	1	0	-999	-999	0	0
2017	0	0	1	0	-999	-999	1	1
2018	1	0	1	0	0	0	0	2
2019	0	0	1	0	-999	-999	0	0
2020	1	0	1	0	0	0	0	0
2021	1	0	1	0	-999	0	0	0
2022	0	0	1	0	0	2	2	2
2023	0	0	1	0	0	0	0	0
2024	0	0	1	0	0	-999	-999	1
2025	1	0	1	0	1	1	1	0
2026	0	0	1	0	1	0	1	2
2027	0	0	1	0	6	3	4	2
2028	0	0	1	0	3	3	3	1
2029	0	0	1	0	1	0	0	0
2030	0	0	1	0	1	3	2	0
2031	0	0	1	0	-999	0	0	0
2032	0	0	0	1	0	0	0	2
2033	1	0	0	1	0	0	0	0
2034	1	0	0	1	0	0	0	0
2035	0	0	0	1	-999	3	4	1
2036	1	0	0	1	-999	2	1	5
2037	1	0	0	1	-999	-999	0	1
2038	1	0	0	1	0	0	0	0
2039	0	0	0	1	-999	0	-999	0
2040	0	0	0	1	-999	0	0	-999
2041	0	0	0	1	-999	3	0	-999
2043	1	0	0	1	-999	1	0	-999
2044	0	0	0	1	-999	1	0	1
2045	0	0	0	1	-999	1	0	0
2046	0	0	0	1	0	0	0	0
2047	0	0	0	1	-999	-999	0	0
2048	1	0	0	1	-999	-999	0	0
2049	1	0	0	1	0	0	0	0
2050	0	0	0	1	-999	-999	0	0
2051	0	0	0	1	-999	1	6	3
2052	0	0	0	1	-999	1	0	0
2053	1	0	0	1	-999	-999	0	0
2054	0	0	0	1	-999	-999	2	1
2055	0	0	0	1	-999	-999	2	2
2056	0	0	0	1	0	0	0	0
2057	1	0	0	1	1	-999	0	0
2058	1	0	0	1	-999	-999	0	0
2059	1	0	0	1	1	0	0	0
2060	0	0	0	1	4	-999	-999	1
2061	1	0	0	1	0	1	0	0
2062	0	0	0	1	0	0	0	0
2063	0	0	0	1	-999	-999	2	0
2064	0	0	0	1	-999	0	-999	0
2065	0	0	0	1	-999	-999	0	0
2066	0	0	0	1	6	0	1	2
2067	1	0	0	1	1	0	0	0
2068	1	0	0	1	-999	0	-999	0
2069	1	0	0	1	0	0	0	0
2070	0	0	0	1	1	-999	-999	0
2071	0	0	0	1	-999	3	2	1
2072	0	0	0	1	-999	0	0	0
2073	0	0	0	1	-999	-999	3	3
2074	0	0	0	1	-999	-999	1	0
2075	0	0	0	1	-999	-999	6	0
2076	0	0	0	1	-999	12	10	6
2077	1	0	0	1	-999	-999	5	2
2078	0	0	0	1	1	2	3	2
2079	0	0	0	1	-999	5	11	7
2080	0	0	0	1	-999	-999	1	1
2081	0	0	0	1	-999	-999	7	11
2082	1	0	0	1	-999	-999	4	3
